output.asc
NCOLS          370       
NROWS          320       
XLLCENTER      73.17     
YLLCENTER      19.50     
DX             0.01      
DY             0.01      
NODATA_VALUE   -999.00   
[rows 256 to 287 of 320, columns 142 to 212 of 370]
641.84 644.97 648.16 651.42 654.74 658.07 661.38 664.59 667.58 670.17 672.18 673.54 674.31 674.67 674.78 674.77 674.71 674.64 674.59 674.57 674.58 674.63 674.72 674.83 674.95 675.04 675.07 674.95 674.57 673.81 672.67 671.23 669.59 667.85 666.06 664.27 662.47 660.70 658.95 657.24 655.57 653.94 652.35 650.81 649.32 647.86 646.43 645.01 643.60 642.17 640.74 639.30 637.89 636.62 635.76 635.41 635.28 635.20 635.13 635.06 635.01 635.05 635.32 635.80 636.38 636.97 637.56 638.13 638.66 639.14 639.56
645.94 649.15 652.45 655.83 659.29 662.80 666.34 669.83 673.15 676.05 678.19 679.37 679.77 679.74 679.52 679.23 678.94 678.69 678.48 678.33 678.25 678.22 678.25 678.32 678.44 678.57 678.67 678.66 678.36 677.56 676.18 674.44 672.53 670.56 668.58 666.62 664.68 662.78 660.92 659.10 657.34 655.63 653.99 652.41 650.89 649.44 648.04 646.66 645.30 643.94 642.57 641.18 639.76 638.35 637.49 637.64 637.82 637.98 638.13 638.28 638.45 638.70 639.09 639.61 640.21 640.85 641.49 642.13 642.74 643.32 643.84
649.86 653.13 656.49 659.95 663.51 667.17 670.90 674.67 678.39 681.79 684.21 685.04 684.87 684.38 683.81 683.27 682.79 682.37 682.04 681.78 681.60 681.50 681.47 681.50 681.60 681.75 681.94 682.10 682.05 681.24 679.49 677.38 675.20 673.02 670.88 668.78 666.73 664.72 662.77 660.87 659.03 657.25 655.56 653.96 652.45 651.03 649.68 648.38 647.11 645.85 644.59 643.34 642.08 640.89 640.25 640.41 640.71 641.02 641.33 641.65 642.00 642.40 642.89 643.46 644.09 644.77 645.45 646.13 646.81 647.46 648.08
653.58 656.87 660.25 663.74 667.35 671.07 674.90 678.85 682.89 686.95 690.23 690.14 689.23 688.34 687.52 686.80 686.18 685.65 685.22 684.88 684.62 684.44 684.35 684.33 684.39 684.52 684.72 684.98 685.29 684.69 682.26 679.84 677.48 675.18 672.93 670.74 668.60 666.52 664.49 662.53 660.63 658.80 657.07 655.45 653.96 652.60 651.34 650.15 649.01 647.89 646.81 645.76 644.78 643.98 643.58 643.62 643.90 644.28 644.70 645.14 645.62 646.14 646.71 647.33 647.99 648.68 649.39 650.11 650.82 651.53 652.21
657.09 660.34 663.70 667.17 670.74 674.44 678.25 682.16 686.17 690.20 693.43 693.30 692.34 691.40 690.54 689.76 689.09 688.50 688.01 687.60 687.28 687.04 686.88 686.79 686.76 686.80 686.89 687.00 686.97 686.09 684.03 681.69 679.33 677.00 674.71 672.48 670.30 668.17 666.10 664.09 662.15 660.28 658.51 656.88 655.43 654.17 653.03 651.98 650.99 650.04 649.15 648.34 647.64 647.13 646.90 646.98 647.27 647.69 648.19 648.72 649.29 649.90 650.53 651.19 651.87 652.58 653.29 654.01 654.73 655.46 656.19
660.35 663.53 666.82 670.21 673.70 677.27 680.92 684.60 688.22 691.51 693.81 694.51 694.21 693.57 692.85 692.15 691.50 690.91 690.40 689.95 689.58 689.28 689.05 688.87 688.74 688.64 688.53 688.33 687.86 686.80 685.09 683.00 680.76 678.49 676.23 674.00 671.82 669.68 667.59 665.57 663.60 661.71 659.90 658.24 656.85 655.73 654.75 653.86 653.03 652.27 651.58 650.99 650.53 650.25 650.19 650.35 650.70 651.18 651.74 652.35 653.00 653.66 654.34 655.03 655.72 656.41 657.11 657.80 658.50 659.22 659.94
663.33 666.43 669.62 672.89 676.23 679.62 683.02 686.37 689.53 692.25 694.19 695.15 695.32 695.05 694.57 694.01 693.45 692.91 692.40 691.95 691.55 691.20 690.89 690.62 690.36 690.10 689.78 689.32 688.58 687.44 685.87 683.97 681.89 679.72 677.53 675.34 673.18 671.05 668.98 666.97 665.01 663.12 661.30 659.56 658.24 657.34 656.53 655.78 655.12 654.53 654.04 653.65 653.41 653.32 653.42 653.70 654.13 654.68 655.32 656.00 656.71 657.43 658.14 658.84 659.52 660.18 660.83 661.47 662.12 662.76 663.41
666.02 669.03 672.10 675.23 678.40 681.57 684.70 687.71 690.47 692.81 694.55 695.61 696.06 696.08 695.84 695.45 695.00 694.53 694.07 693.62 693.20 692.80 692.43 692.06 691.69 691.28 690.78 690.12 689.23 688.04 686.53 684.76 682.80 680.74 678.63 676.51 674.40 672.32 670.28 668.30 666.39 664.55 662.80 661.18 659.94 659.09 658.37 657.75 657.23 656.81 656.49 656.30 656.24 656.33 656.58 656.98 657.52 658.16 658.88 659.64 660.41 661.17 661.91 662.60 663.26 663.87 664.45 665.01 665.55 666.08 666.61
668.47 671.38 674.32 677.29 680.26 683.21 686.07 688.77 691.22 693.30 694.91 696.00 696.60 696.83 696.78 696.56 696.23 695.84 695.42 694.99 694.56 694.14 693.71 693.26 692.78 692.24 691.60 690.81 689.82 688.59 687.12 685.43 683.58 681.62 679.60 677.55 675.50 673.47 671.49 669.57 667.73 665.98 664.36 662.93 661.78 660.92 660.26 659.74 659.35 659.07 658.92 658.89 659.01 659.26 659.66 660.19 660.85 661.59 662.41 663.25 664.09 664.89 665.65 666.33 666.94 667.48 667.96 668.41 668.82 669.20 669.55
670.73 673.51 676.31 679.11 681.89 684.61 687.22 689.67 691.88 693.76 695.26 696.34 697.04 697.40 697.50 697.41 697.19 696.88 696.52 696.12 695.69 695.24 694.76 694.25 693.69 693.05 692.31 691.42 690.36 689.11 687.67 686.04 684.27 682.40 680.46 678.48 676.50 674.54 672.63 670.78 669.02 667.37 665.88 664.59 663.54 662.73 662.13 661.70 661.43 661.29 661.29 661.42 661.69 662.10 662.64 663.31 664.09 664.95 665.87 666.81 667.72 668.58 669.35 670.00 670.55 670.99 671.36 671.66 671.92 672.13 672.29
672.81 675.46 678.10 680.73 683.32 685.83 688.23 690.46 692.47 694.19 695.60 696.67 697.41 697.86 698.06 698.08 697.95 697.72 697.40 697.03 696.61 696.14 695.63 695.07 694.44 693.73 692.92 691.97 690.87 689.61 688.18 686.61 684.90 683.10 681.24 679.33 677.42 675.53 673.68 671.91 670.23 668.69 667.31 666.13 665.18 664.45 663.94 663.61 663.46 663.45 663.59 663.87 664.28 664.83 665.52 666.32 667.23 668.21 669.25 670.30 671.31 672.23 673.01 673.63 674.10 674.42 674.64 674.78 674.87 674.90 674.87
674.74 677.25 679.74 682.20 684.60 686.93 689.13 691.18 693.01 694.61 695.93 696.97 697.73 698.23 698.51 698.61 698.55 698.38 698.11 697.76 697.35 696.88 696.35 695.75 695.08 694.32 693.45 692.47 691.34 690.08 688.68 687.14 685.49 683.76 681.96 680.12 678.28 676.45 674.67 672.96 671.36 669.90 668.62 667.55 666.69 666.07 665.66 665.44 665.40 665.52 665.80 666.21 666.76 667.45 668.27 669.20 670.24 671.35 672.53 673.70 674.83 675.83 676.64 677.22 677.57 677.74 677.79 677.76 677.66 677.52 677.32
676.55 678.91 681.24 683.54 685.77 687.92 689.95 691.83 693.53 695.01 696.26 697.26 698.02 698.55 698.88 699.03 699.03 698.91 698.68 698.36 697.96 697.49 696.95 696.33 695.63 694.83 693.94 692.93 691.79 690.54 689.15 687.66 686.06 684.38 682.64 680.86 679.08 677.31 675.58 673.93 672.40 671.01 669.82 668.83 668.08 667.56 667.26 667.17 667.25 667.50 667.90 668.45 669.13 669.94 670.88 671.93 673.09 674.34 675.65 676.98 678.26 679.38 680.24 680.76 680.96 680.95 680.79 680.57 680.30 679.99 679.64
678.24 680.45 682.63 684.77 686.85 688.84 690.72 692.45 694.02 695.40 696.58 697.54 698.29 698.83 699.19 699.38 699.42 699.34 699.14 698.85 698.47 698.00 697.45 696.82 696.10 695.29 694.38 693.36 692.23 690.98 689.62 688.16 686.61 684.98 683.30 681.57 679.84 678.12 676.44 674.83 673.34 672.01 670.88 669.98 669.33 668.93 668.76 668.79 669.01 669.39 669.91 670.57 671.36 672.29 673.33 674.49 675.77 677.14 678.59 680.08 681.55 682.86 683.81 684.25 684.23 683.97 683.60 683.18 682.75 682.29 681.81
679.83 681.89 683.93 685.92 687.85 689.69 691.43 693.04 694.50 695.78 696.89 697.81 698.54 699.08 699.46 699.67 699.75 699.69 699.52 699.25 698.88 698.43 697.88 697.25 696.52 695.70 694.79 693.77 692.65 691.42 690.09 688.67 687.16 685.58 683.94 682.27 680.58 678.90 677.25 675.68 674.21 672.91 671.82 671.00 670.46 670.18 670.15 670.32 670.67 671.17 671.81 672.58 673.47 674.48 675.62 676.87 678.23 679.70 681.27 682.91 684.59 686.19 687.36 687.63 687.28 686.73 686.15 685.56 684.99 684.42 683.84
681.31 683.24 685.14 686.99 688.78 690.49 692.11 693.60 694.96 696.16 697.20 698.08 698.78 699.32 699.70 699.93 700.02 699.99 699.84 699.59 699.24 698.79 698.25 697.62 696.90 696.09 695.18 694.17 693.06 691.86 690.56 689.17 687.71 686.18 684.59 682.96 681.32 679.67 678.05 676.48 675.02 673.71 672.64 671.88 671.45 671.33 671.45 671.77 672.25 672.87 673.61 674.47 675.45 676.53 677.73 679.04 680.46 681.99 683.62 685.35 687.18 689.08 690.86 690.66 689.86 689.09 688.36 687.67 687.00 686.35 685.70
682.71 684.50 686.27 688.00 689.66 691.25 692.75 694.14 695.40 696.53 697.51 698.34 699.01 699.54 699.92 700.16 700.26 700.25 700.12 699.88 699.55 699.11 698.59 697.97 697.25 696.45 695.55 694.56 693.48 692.30 691.04 689.70 688.28 686.79 685.25 683.68 682.07 680.46 678.85 677.29 675.80 674.45 673.35 672.63 672.33 672.39 672.70 673.17 673.78 674.50 675.33 676.27 677.30 678.44 679.67 681.01 682.45 683.99 685.62 687.33 689.12 690.92 692.40 692.40 691.69 690.93 690.18 689.46 688.76 688.08 687.40
684.02 685.69 687.34 688.94 690.49 691.97 693.37 694.66 695.84 696.89 697.81 698.60 699.25 699.75 700.13 700.37 700.48 700.48 700.36 700.14 699.82 699.40 698.89 698.28 697.59 696.80 695.92 694.96 693.90 692.76 691.54 690.24 688.86 687.43 685.95 684.42 682.86 681.28 679.71 678.14 676.62 675.20 673.98 673.24 673.15 673.45 673.95 674.56 675.28 676.09 676.98 677.97 679.04 680.20 681.45 682.79 684.21 685.70 687.27 688.87 690.46 691.91 692.93 693.18 692.86 692.29 691.64 690.97 690.29 689.61 688.93
685.25 686.81 688.34 689.84 691.28 692.66 693.96 695.16 696.26 697.25 698.12 698.86 699.48 699.97 700.33 700.57 700.69 700.69 700.59 700.38 700.07 699.67 699.18 698.59 697.91 697.15 696.29 695.36 694.33 693.23 692.05 690.80 689.48 688.10 686.67 685.20 683.70 682.18 680.64 679.10 677.58 676.08 674.66 673.75 674.05 674.62 675.28 676.00 676.79 677.65 678.58 679.59 680.68 681.84 683.07 684.38 685.75 687.17 688.63 690.07 691.44 692.62 693.43 693.77 693.67 693.31 692.80 692.22 691.60 690.96 690.30
686.40 687.86 689.29 690.69 692.03 693.31 694.52 695.65 696.68 697.61 698.42 699.13 699.71 700.18 700.53 700.76 700.88 700.89 700.80 700.61 700.32 699.93 699.45 698.89 698.23 697.49 696.67 695.77 694.78 693.72 692.59 691.39 690.12 688.81 687.44 686.04 684.60 683.15 681.68 680.21 678.75 677.32 675.96 675.10 675.45 676.07 676.76 677.51 678.32 679.20 680.14 681.15 682.22 683.36 684.56 685.82 687.12 688.45 689.78 691.06 692.24 693.23 693.94 694.30 694.34 694.13 693.75 693.28 692.74 692.15 691.54
687.48 688.85 690.18 691.49 692.74 693.94 695.07 696.12 697.09 697.96 698.73 699.39 699.95 700.39 700.73 700.96 701.08 701.09 701.01 700.83 700.55 700.19 699.73 699.19 698.56 697.85 697.06 696.19 695.24 694.23 693.15 692.00 690.80 689.55 688.25 686.93 685.57 684.20 682.83 681.47 680.15 678.91 677.87 677.30 677.35 677.79 678.39 679.10 679.89 680.75 681.67 682.65 683.69 684.79 685.94 687.13 688.35 689.57 690.78 691.92 692.96 693.82 694.45 694.81 694.93 694.83 694.57 694.19 693.73 693.21 692.65
688.50 689.77 691.02 692.24 693.42 694.54 695.60 696.58 697.49 698.31 699.03 699.66 700.19 700.61 700.93 701.15 701.27 701.29 701.22 701.05 700.79 700.44 700.01 699.49 698.89 698.21 697.45 696.62 695.72 694.76 693.73 692.64 691.51 690.33 689.11 687.86 686.60 685.33 684.07 682.85 681.69 680.66 679.86 679.40 679.36 679.64 680.13 680.76 681.49 682.29 683.17 684.11 685.10 686.14 687.22 688.33 689.46 690.59 691.68 692.70 693.62 694.39 694.96 695.33 695.49 695.47 695.29 695.00 694.62 694.17 693.67
689.44 690.64 691.82 692.96 694.06 695.12 696.11 697.03 697.88 698.65 699.34 699.93 700.43 700.84 701.14 701.36 701.48 701.50 701.43 701.28 701.03 700.70 700.29 699.80 699.23 698.58 697.86 697.08 696.22 695.31 694.34 693.31 692.24 691.14 690.00 688.84 687.67 686.51 685.38 684.29 683.29 682.43 681.78 681.40 681.32 681.50 681.89 682.43 683.09 683.83 684.64 685.52 686.45 687.42 688.43 689.46 690.50 691.53 692.52 693.44 694.26 694.95 695.49 695.85 696.04 696.07 695.96 695.74 695.43 695.04 694.60
690.33 691.46 692.57 693.64 694.68 695.67 696.60 697.47 698.27 699.00 699.64 700.21 700.68 701.07 701.36 701.57 701.69 701.71 701.65 701.51 701.28 700.97 700.58 700.12 699.58 698.97 698.29 697.55 696.74 695.88 694.96 694.00 693.00 691.97 690.92 689.85 688.78 687.73 686.71 685.75 684.89 684.16 683.61 683.29 683.19 683.32 683.63 684.09 684.67 685.34 686.08 686.88 687.74 688.64 689.57 690.52 691.47 692.41 693.31 694.14 694.89 695.52 696.02 696.37 696.58 696.65 696.60 696.43 696.18 695.86 695.47
691.16 692.23 693.28 694.29 695.27 696.20 697.08 697.90 698.66 699.34 699.95 700.49 700.94 701.31 701.59 701.79 701.91 701.94 701.89 701.75 701.54 701.25 700.89 700.45 699.94 699.37 698.73 698.03 697.27 696.47 695.61 694.71 693.78 692.83 691.85 690.87 689.90 688.95 688.04 687.20 686.45 685.83 685.36 685.08 684.98 685.07 685.32 685.71 686.22 686.81 687.48 688.21 688.99 689.81 690.65 691.52 692.39 693.25 694.07 694.83 695.52 696.10 696.57 696.91 697.13 697.22 697.21 697.09 696.89 696.62 696.29
691.94 692.96 693.95 694.91 695.84 696.72 697.55 698.32 699.04 699.69 700.27 700.77 701.20 701.55 701.83 702.02 702.14 702.17 702.13 702.01 701.81 701.54 701.20 700.80 700.32 699.78 699.18 698.53 697.82 697.07 696.27 695.44 694.58 693.70 692.80 691.91 691.03 690.17 689.37 688.62 687.97 687.43 687.03 686.78 686.69 686.75 686.95 687.28 687.72 688.24 688.84 689.49 690.19 690.93 691.70 692.48 693.28 694.06 694.82 695.52 696.14 696.68 697.12 697.46 697.68 697.79 697.81 697.73 697.58 697.35 697.06
692.67 693.64 694.59 695.50 696.38 697.21 698.00 698.74 699.41 700.03 700.58 701.06 701.47 701.81 702.08 702.26 702.38 702.42 702.38 702.28 702.10 701.85 701.53 701.15 700.71 700.21 699.65 699.04 698.39 697.68 696.95 696.18 695.38 694.57 693.76 692.95 692.15 691.38 690.66 690.01 689.44 688.97 688.61 688.39 688.30 688.35 688.51 688.79 689.17 689.63 690.15 690.73 691.36 692.01 692.70 693.41 694.13 694.86 695.55 696.20 696.78 697.28 697.69 698.01 698.24 698.37 698.41 698.36 698.24 698.05 697.81
693.37 694.29 695.19 696.07 696.90 697.70 698.44 699.14 699.79 700.37 700.90 701.36 701.75 702.08 702.33 702.52 702.63 702.68 702.65 702.56 702.39 702.17 701.88 701.53 701.12 700.65 700.13 699.57 698.96 698.31 697.63 696.92 696.19 695.45 694.71 693.97 693.25 692.57 691.93 691.35 690.84 690.43 690.12 689.92 689.84 689.87 690.01 690.24 690.57 690.97 691.43 691.94 692.49 693.07 693.67 694.30 694.97 695.64 696.28 696.88 697.42 697.89 698.28 698.59 698.81 698.95 699.00 698.98 698.89 698.74 698.53
694.02 694.91 695.78 696.61 697.41 698.16 698.88 699.55 700.16 700.72 701.22 701.66 702.04 702.35 702.60 702.78 702.90 702.95 702.93 702.85 702.70 702.50 702.23 701.91 701.53 701.10 700.62 700.10 699.54 698.94 698.32 697.67 697.00 696.33 695.65 694.99 694.34 693.73 693.16 692.64 692.20 691.83 691.56 691.38 691.30 691.32 691.43 691.64 691.92 692.26 692.67 693.11 693.60 694.10 694.62 695.17 695.79 696.42 697.02 697.57 698.07 698.51 698.88 699.17 699.39 699.53 699.60 699.60 699.53 699.40 699.23
694.65 695.50 696.33 697.13 697.90 698.62 699.30 699.94 700.53 701.07 701.55 701.97 702.33 702.64 702.88 703.06 703.18 703.23 703.22 703.15 703.03 702.84 702.60 702.30 701.96 701.56 701.13 700.65 700.13 699.58 699.01 698.42 697.81 697.20 696.58 695.98 695.40 694.85 694.34 693.89 693.49 693.17 692.92 692.76 692.69 692.70 692.80 692.97 693.21 693.52 693.87 694.26 694.69 695.13 695.59 696.06 696.64 697.22 697.77 698.28 698.74 699.15 699.49 699.77 699.98 700.12 700.20 700.21 700.16 700.06 699.91
695.25 696.07 696.87 697.64 698.37 699.07 699.73 700.34 700.90 701.41 701.88 702.29 702.64 702.93 703.17 703.35 703.47 703.53 703.53 703.47 703.36 703.20 702.98 702.71 702.40 702.04 701.63 701.20 700.72 700.22 699.70 699.16 698.61 698.05 697.50 696.96 696.44 695.95 695.49 695.09 694.73 694.45 694.23 694.09 694.02 694.02 694.10 694.25 694.46 694.73 695.04 695.39 695.76 696.16 696.58 697.04 697.53 698.05 698.54 699.00 699.42 699.80 700.12 700.38 700.58 700.72 700.80 700.82 700.79 700.71 700.58
695.82 696.62 697.39 698.13 698.84 699.51 700.14 700.73 701.27 701.77 702.21 702.61 702.95 703.24 703.47 703.64 703.77 703.83 703.84 703.80 703.71 703.56 703.37 703.13 702.84 702.52 702.15 701.75 701.32 700.87 700.39 699.90 699.40 698.90 698.40 697.91 697.45 697.00 696.60 696.24 695.93 695.67 695.48 695.35 695.28 695.29 695.35 695.48 695.66 695.90 696.17 696.48 696.82 697.19 697.58 697.99 698.43 698.88 699.32 699.74 700.12 700.46 700.75 700.99 701.18 701.32 701.40 701.44 701.42 701.35 701.24
