output.asc
NCOLS          370       
NROWS          320       
XLLCENTER      73.17     
YLLCENTER      19.50     
DX             0.01      
DY             0.01      
NODATA_VALUE   -999.00   
[rows 224 to 255 of 320, columns 142 to 212 of 370]
558.88 558.40 557.99 557.63 557.34 557.12 556.97 556.87 556.78 556.62 556.42 556.23 556.11 556.07 556.11 556.25 556.49 556.83 557.25 557.75 558.30 558.87 559.46 560.05 560.66 561.31 561.99 562.72 563.50 564.34 565.23 566.17 567.16 568.20 569.27 570.38 571.50 572.63 573.75 574.82 575.73 576.34 576.67 576.88 577.02 577.13 577.21 577.25 577.27 577.26 577.21 577.14 577.03 576.89 576.72 576.52 576.29 576.03 575.75 575.44 575.10 574.75 574.37 573.97 573.55 573.11 572.65 572.17 571.67 571.14 570.59
560.23 559.73 559.30 558.95 558.67 558.46 558.32 558.23 558.15 558.08 558.00 557.95 557.96 558.03 558.19 558.43 558.77 559.20 559.75 560.37 561.03 561.69 562.33 562.96 563.60 564.25 564.94 565.68 566.46 567.31 568.20 569.15 570.15 571.18 572.25 573.34 574.43 575.52 576.56 577.52 578.34 578.94 579.34 579.61 579.78 579.88 579.94 579.95 579.91 579.84 579.73 579.57 579.38 579.15 578.88 578.59 578.26 577.90 577.51 577.10 576.66 576.21 575.74 575.24 574.74 574.21 573.67 573.11 572.53 571.94 571.32
561.58 561.05 560.60 560.24 559.97 559.77 559.64 559.57 559.55 559.55 559.59 559.66 559.79 559.99 560.26 560.61 561.04 561.57 562.25 563.03 563.83 564.57 565.26 565.91 566.54 567.20 567.89 568.62 569.41 570.25 571.16 572.11 573.11 574.14 575.20 576.27 577.33 578.37 579.35 580.24 580.99 581.58 582.02 582.31 582.50 582.61 582.65 582.63 582.56 582.43 582.25 582.02 581.74 581.42 581.07 580.67 580.24 579.78 579.29 578.78 578.24 577.69 577.12 576.54 575.95 575.34 574.72 574.09 573.44 572.77 572.09
562.90 562.35 561.89 561.52 561.25 561.07 560.96 560.93 560.96 561.04 561.18 561.37 561.62 561.95 562.34 562.81 563.34 563.93 564.78 565.76 566.70 567.52 568.24 568.88 569.50 570.14 570.82 571.55 572.33 573.18 574.09 575.04 576.04 577.08 578.13 579.18 580.21 581.21 582.14 582.98 583.70 584.27 584.72 585.03 585.23 585.34 585.37 585.32 585.21 585.02 584.78 584.48 584.12 583.72 583.26 582.77 582.24 581.67 581.08 580.47 579.84 579.19 578.53 577.86 577.18 576.50 575.80 575.10 574.39 573.66 572.91
564.20 563.62 563.15 562.79 562.52 562.35 562.28 562.29 562.38 562.55 562.78 563.09 563.47 563.92 564.44 565.04 565.71 566.47 567.46 568.58 569.66 570.56 571.25 571.85 572.43 573.05 573.72 574.44 575.23 576.08 576.99 577.95 578.96 579.99 581.04 582.08 583.10 584.06 584.96 585.76 586.45 587.01 587.45 587.77 587.98 588.08 588.10 588.02 587.87 587.64 587.33 586.96 586.52 586.02 585.48 584.88 584.25 583.58 582.89 582.18 581.45 580.71 579.96 579.20 578.44 577.68 576.92 576.15 575.37 574.59 573.79
565.47 564.88 564.40 564.03 563.78 563.64 563.60 563.66 563.82 564.07 564.40 564.82 565.32 565.90 566.56 567.31 568.14 569.09 570.19 571.41 572.68 573.68 574.25 574.77 575.32 575.93 576.59 577.31 578.09 578.94 579.86 580.83 581.85 582.90 583.95 584.99 585.99 586.94 587.81 588.58 589.25 589.80 590.23 590.55 590.75 590.85 590.85 590.75 590.56 590.27 589.91 589.46 588.94 588.35 587.71 587.01 586.28 585.51 584.72 583.90 583.07 582.24 581.40 580.56 579.73 578.89 578.06 577.24 576.41 575.57 574.73
566.71 566.11 565.63 565.26 565.03 564.91 564.92 565.04 565.27 565.60 566.04 566.57 567.19 567.90 568.70 569.58 570.55 571.63 572.82 574.11 575.47 576.54 577.06 577.58 578.14 578.75 579.41 580.13 580.92 581.77 582.70 583.69 584.73 585.79 586.86 587.90 588.91 589.85 590.70 591.45 592.10 592.63 593.05 593.36 593.55 593.64 593.62 593.50 593.27 592.94 592.51 591.98 591.38 590.70 589.96 589.16 588.32 587.45 586.55 585.63 584.71 583.78 582.85 581.94 581.03 580.13 579.24 578.36 577.48 576.61 575.73
567.92 567.32 566.83 566.48 566.26 566.18 566.24 566.42 566.73 567.15 567.69 568.34 569.08 569.92 570.84 571.85 572.94 574.11 575.35 576.62 577.87 578.89 579.63 580.27 580.89 581.53 582.20 582.93 583.71 584.57 585.52 586.54 587.60 588.69 589.78 590.84 591.85 592.78 593.63 594.36 594.98 595.49 595.90 596.20 596.39 596.47 596.43 596.28 596.02 595.63 595.14 594.54 593.84 593.07 592.22 591.32 590.38 589.40 588.39 587.38 586.35 585.33 584.32 583.32 582.35 581.39 580.45 579.52 578.61 577.70 576.79
569.12 568.51 568.03 567.69 567.49 567.46 567.57 567.82 568.21 568.73 569.37 570.13 570.99 571.96 573.01 574.14 575.32 576.56 577.82 579.08 580.26 581.30 582.16 582.90 583.60 584.28 584.98 585.70 586.48 587.35 588.31 589.37 590.48 591.60 592.71 593.79 594.82 595.76 596.59 597.30 597.90 598.39 598.78 599.06 599.25 599.32 599.27 599.10 598.80 598.36 597.80 597.12 596.33 595.46 594.50 593.50 592.44 591.35 590.24 589.12 588.00 586.89 585.79 584.72 583.68 582.67 581.68 580.72 579.78 578.84 577.92
570.30 569.68 569.21 568.89 568.73 568.73 568.91 569.24 569.72 570.34 571.08 571.95 572.94 574.04 575.21 576.45 577.73 579.03 580.32 581.57 582.75 583.80 584.73 585.56 586.32 587.05 587.77 588.49 589.25 590.10 591.09 592.21 593.37 594.53 595.67 596.77 597.81 598.77 599.60 600.27 600.83 601.29 601.66 601.94 602.13 602.20 602.15 601.96 601.62 601.14 600.50 599.73 598.84 597.86 596.79 595.67 594.51 593.31 592.09 590.87 589.65 588.44 587.26 586.12 585.02 583.96 582.94 581.95 580.99 580.05 579.11
571.47 570.86 570.40 570.09 569.96 570.03 570.28 570.70 571.28 571.99 572.84 573.83 574.95 576.17 577.48 578.83 580.20 581.56 582.89 584.16 585.35 586.43 587.40 588.29 589.10 589.87 590.62 591.34 592.06 592.84 593.89 595.10 596.31 597.49 598.64 599.75 600.81 601.81 602.63 603.24 603.75 604.18 604.54 604.82 605.01 605.09 605.05 604.85 604.49 603.95 603.23 602.36 601.36 600.26 599.08 597.85 596.57 595.26 593.94 592.61 591.29 589.99 588.73 587.53 586.37 585.27 584.23 583.23 582.25 581.30 580.37
572.64 572.06 571.60 571.32 571.23 571.36 571.70 572.23 572.92 573.73 574.68 575.77 577.02 578.40 579.84 581.32 582.78 584.21 585.58 586.88 588.08 589.19 590.19 591.11 591.97 592.78 593.56 594.31 595.04 595.75 596.87 598.11 599.32 600.50 601.63 602.73 603.78 604.78 605.61 606.15 606.62 607.04 607.40 607.68 607.89 607.99 607.96 607.77 607.39 606.80 606.00 605.02 603.89 602.66 601.36 600.01 598.62 597.21 595.78 594.34 592.92 591.53 590.20 588.92 587.72 586.60 585.54 584.54 583.57 582.63 581.70
573.85 573.30 572.87 572.59 572.53 572.74 573.21 573.88 574.68 575.59 576.62 577.81 579.20 580.75 582.35 583.95 585.50 587.00 588.42 589.74 590.97 592.09 593.11 594.05 594.94 595.79 596.62 597.44 598.24 599.11 600.14 601.28 602.44 603.56 604.65 605.69 606.68 607.59 608.36 608.94 609.42 609.84 610.20 610.51 610.73 610.87 610.88 610.73 610.34 609.70 608.79 607.67 606.40 605.03 603.60 602.14 600.65 599.13 597.60 596.06 594.54 593.06 591.64 590.31 589.07 587.93 586.88 585.89 584.94 584.01 583.10
575.15 574.66 574.25 573.95 573.89 574.21 574.86 575.70 576.64 577.65 578.72 579.96 581.53 583.28 585.05 586.77 588.42 589.97 591.43 592.78 594.02 595.15 596.17 597.12 598.02 598.91 599.80 600.69 601.58 602.50 603.50 604.55 605.62 606.67 607.69 608.65 609.56 610.38 611.09 611.67 612.16 612.58 612.95 613.27 613.52 613.70 613.78 613.69 613.33 612.63 611.59 610.30 608.86 607.34 605.79 604.22 602.64 601.04 599.40 597.76 596.15 594.58 593.07 591.67 590.41 589.28 588.26 587.30 586.37 585.47 584.59
576.60 576.21 575.84 575.50 575.34 575.85 576.76 577.79 578.88 580.00 581.14 582.28 584.14 586.12 588.02 589.84 591.55 593.15 594.63 596.00 597.25 598.38 599.40 600.32 601.21 602.14 603.10 604.05 604.99 605.93 606.89 607.88 608.86 609.83 610.75 611.63 612.44 613.18 613.82 614.38 614.85 615.26 615.62 615.94 616.22 616.44 616.60 616.62 616.36 615.60 614.36 612.84 611.22 609.55 607.88 606.22 604.57 602.91 601.18 599.44 597.73 596.08 594.50 593.03 591.74 590.66 589.69 588.77 587.89 587.02 586.17
578.28 578.04 577.79 577.52 577.29 577.99 579.08 580.24 581.47 582.76 584.09 585.54 587.37 589.37 591.32 593.17 594.92 596.55 598.05 599.43 600.68 601.81 602.81 603.70 604.52 605.48 606.53 607.52 608.48 609.41 610.33 611.24 612.14 613.01 613.84 614.62 615.33 615.98 616.56 617.06 617.49 617.87 618.20 618.50 618.77 619.02 619.24 619.40 619.38 618.57 616.97 615.20 613.40 611.61 609.84 608.11 606.41 604.75 602.90 601.06 599.29 597.59 595.97 594.42 593.09 592.13 591.21 590.34 589.49 588.66 587.84
580.23 580.21 580.16 580.14 580.30 580.90 581.87 583.06 584.42 585.90 587.48 589.17 591.04 592.99 594.93 596.79 598.54 600.18 601.68 603.06 604.31 605.44 606.44 607.33 608.14 609.10 610.14 611.13 612.06 612.95 613.81 614.65 615.45 616.22 616.95 617.62 618.24 618.79 619.28 619.71 620.08 620.40 620.68 620.93 621.16 621.37 621.57 621.76 621.94 621.07 619.16 617.25 615.36 613.49 611.65 609.85 608.08 606.31 604.46 602.61 600.82 599.11 597.51 596.02 594.76 593.75 592.85 592.00 591.19 590.40 589.61
582.49 582.72 582.92 583.16 583.53 584.14 585.02 586.20 587.68 589.38 591.18 593.04 594.97 596.91 598.83 600.68 602.41 604.04 605.53 606.90 608.14 609.27 610.28 611.20 612.08 612.99 613.93 614.85 615.72 616.55 617.34 618.09 618.79 619.46 620.08 620.64 621.15 621.60 621.99 622.33 622.62 622.86 623.06 623.23 623.37 623.48 623.55 623.54 623.28 622.35 620.76 618.94 617.06 615.17 613.30 611.45 609.61 607.78 605.93 604.09 602.32 600.64 599.08 597.69 596.48 595.47 594.58 593.77 593.00 592.24 591.50
585.07 585.55 586.01 586.48 587.02 587.66 588.46 589.56 591.25 593.20 595.18 597.17 599.14 601.09 602.99 604.81 606.52 608.11 609.58 610.93 612.16 613.27 614.29 615.22 616.11 616.98 617.84 618.68 619.47 620.22 620.91 621.56 622.16 622.72 623.22 623.67 624.06 624.40 624.69 624.92 625.11 625.25 625.35 625.41 625.43 625.39 625.27 625.00 624.44 623.46 622.04 620.36 618.55 616.69 614.82 612.95 611.09 609.23 607.37 605.55 603.80 602.15 600.65 599.34 598.21 597.24 596.40 595.64 594.91 594.21 593.50
587.97 588.70 589.41 590.10 590.82 591.56 592.34 593.11 595.28 597.43 599.52 601.57 603.57 605.52 607.38 609.16 610.83 612.39 613.82 615.14 616.34 617.43 618.43 619.35 620.22 621.04 621.83 622.58 623.28 623.93 624.53 625.07 625.56 625.99 626.37 626.70 626.97 627.19 627.36 627.47 627.54 627.57 627.55 627.48 627.36 627.16 626.85 626.37 625.63 624.59 623.23 621.64 619.91 618.10 616.26 614.39 612.53 610.66 608.81 607.00 605.26 603.65 602.20 600.97 599.94 599.07 598.31 597.61 596.95 596.29 595.63
591.18 592.16 593.10 594.03 594.96 595.91 596.93 598.21 600.05 602.13 604.22 606.27 608.26 610.17 611.99 613.72 615.34 616.84 618.23 619.50 620.66 621.72 622.69 623.58 624.40 625.16 625.88 626.54 627.14 627.69 628.18 628.61 628.98 629.29 629.54 629.73 629.87 629.96 630.00 629.99 629.94 629.83 629.69 629.48 629.21 628.86 628.38 627.73 626.87 625.76 624.42 622.88 621.21 619.45 617.64 615.80 613.96 612.11 610.28 608.48 606.74 605.14 603.73 602.60 601.71 600.97 600.32 599.71 599.12 598.52 597.91
594.69 595.90 597.08 598.25 599.42 600.62 601.93 603.44 605.23 607.20 609.22 611.23 613.17 615.03 616.79 618.46 620.01 621.45 622.78 624.00 625.11 626.12 627.04 627.87 628.64 629.33 629.97 630.54 631.05 631.49 631.86 632.17 632.41 632.59 632.71 632.77 632.77 632.72 632.62 632.48 632.29 632.05 631.77 631.43 631.02 630.52 629.90 629.12 628.16 626.99 625.63 624.12 622.48 620.77 619.00 617.21 615.40 613.59 611.79 610.01 608.28 606.64 605.25 604.25 603.55 602.98 602.46 601.95 601.44 600.90 600.33
598.46 599.89 601.30 602.70 604.11 605.56 607.09 608.76 610.57 612.50 614.46 616.40 618.28 620.07 621.77 623.36 624.84 626.20 627.46 628.60 629.65 630.60 631.46 632.23 632.93 633.55 634.10 634.58 634.98 635.31 635.57 635.75 635.86 635.90 635.88 635.79 635.65 635.46 635.22 634.93 634.60 634.23 633.81 633.33 632.79 632.16 631.42 630.54 629.49 628.27 626.88 625.37 623.76 622.09 620.37 618.63 616.88 615.13 613.38 611.65 609.94 608.27 606.75 606.00 605.57 605.17 604.78 604.37 603.93 603.45 602.93
602.47 604.10 605.72 607.35 608.98 610.65 612.37 614.16 616.03 617.95 619.87 621.75 623.56 625.28 626.89 628.39 629.78 631.06 632.23 633.30 634.27 635.14 635.93 636.63 637.26 637.80 638.26 638.65 638.95 639.16 639.29 639.34 639.32 639.21 639.04 638.81 638.52 638.18 637.79 637.36 636.88 636.37 635.81 635.20 634.54 633.80 632.97 632.01 630.88 629.58 628.16 626.65 625.06 623.43 621.77 620.09 618.42 616.75 615.09 613.46 611.85 610.28 608.87 608.22 607.90 607.60 607.30 606.98 606.61 606.20 605.72
606.65 608.47 610.31 612.14 613.99 615.85 617.74 619.65 621.58 623.51 625.41 627.24 628.98 630.61 632.13 633.54 634.83 636.01 637.08 638.06 638.94 639.73 640.44 641.07 641.61 642.07 642.45 642.73 642.93 643.03 643.03 642.95 642.78 642.53 642.20 641.81 641.37 640.87 640.33 639.75 639.13 638.48 637.78 637.05 636.26 635.42 634.51 633.51 632.30 630.92 629.46 627.94 626.38 624.79 623.20 621.60 620.01 618.45 616.92 615.42 613.99 612.67 611.60 610.93 610.55 610.28 610.04 609.79 609.50 609.15 608.72
610.96 612.98 615.01 617.05 619.09 621.13 623.17 625.20 627.21 629.16 631.04 632.83 634.50 636.05 637.47 638.76 639.94 641.01 641.98 642.85 643.64 644.34 644.97 645.51 645.98 646.36 646.64 646.83 646.92 646.90 646.78 646.55 646.24 645.83 645.35 644.80 644.19 643.54 642.84 642.11 641.35 640.55 639.72 638.86 637.96 637.01 636.01 634.95 633.67 632.24 630.76 629.25 627.72 626.18 624.66 623.15 621.67 620.23 618.84 617.52 616.29 615.20 614.34 613.76 613.39 613.16 612.98 612.80 612.58 612.31 611.95
615.38 617.58 619.80 622.02 624.25 626.47 628.66 630.81 632.89 634.89 636.77 638.51 640.11 641.56 642.87 644.04 645.09 646.04 646.89 647.65 648.34 648.95 649.49 649.95 650.34 650.64 650.84 650.93 650.92 650.78 650.53 650.16 649.69 649.12 648.47 647.76 646.99 646.17 645.32 644.44 643.52 642.59 641.63 640.64 639.62 638.56 637.46 636.27 634.96 633.54 632.07 630.57 629.08 627.60 626.15 624.75 623.39 622.09 620.86 619.70 618.66 617.78 617.10 616.63 616.35 616.20 616.09 616.00 615.87 615.67 615.40
619.85 622.22 624.63 627.04 629.46 631.85 634.19 636.46 638.64 640.68 642.55 644.26 645.78 647.12 648.30 649.34 650.25 651.06 651.78 652.43 653.00 653.52 653.97 654.36 654.67 654.89 655.02 655.03 654.91 654.66 654.27 653.75 653.12 652.39 651.57 650.68 649.74 648.76 647.75 646.72 645.66 644.59 643.50 642.39 641.26 640.10 638.89 637.62 636.26 634.84 633.38 631.91 630.46 629.04 627.68 626.39 625.17 624.02 622.94 621.95 621.08 620.37 619.86 619.55 619.40 619.35 619.35 619.36 619.33 619.24 619.07
624.34 626.89 629.47 632.07 634.66 637.23 639.74 642.15 644.42 646.52 648.40 650.06 651.49 652.71 653.75 654.63 655.38 656.04 656.62 657.14 657.61 658.03 658.39 658.71 658.95 659.11 659.17 659.10 658.89 658.53 658.00 657.33 656.53 655.62 654.62 653.56 652.45 651.30 650.14 648.95 647.76 646.55 645.34 644.12 642.89 641.63 640.34 639.00 637.61 636.18 634.72 633.27 631.86 630.51 629.25 628.08 627.01 626.02 625.11 624.28 623.55 622.99 622.64 622.51 622.52 622.62 622.75 622.87 622.95 622.97 622.92
628.82 631.53 634.29 637.06 639.84 642.59 645.27 647.83 650.23 652.40 654.30 655.91 657.23 658.31 659.17 659.87 660.45 660.94 661.37 661.76 662.11 662.43 662.72 662.97 663.16 663.27 663.28 663.15 662.86 662.38 661.72 660.89 659.91 658.81 657.62 656.38 655.09 653.78 652.46 651.13 649.80 648.48 647.15 645.83 644.51 643.17 641.81 640.43 639.01 637.56 636.11 634.67 633.29 632.00 630.84 629.82 628.91 628.11 627.37 626.69 626.09 625.64 625.45 625.53 625.74 626.00 626.27 626.52 626.72 626.86 626.92
633.25 636.12 639.04 641.99 644.95 647.89 650.76 653.50 656.05 658.31 660.23 661.78 662.97 663.86 664.52 665.01 665.40 665.71 665.98 666.23 666.47 666.69 666.91 667.10 667.25 667.34 667.32 667.16 666.80 666.22 665.42 664.40 663.23 661.93 660.55 659.12 657.66 656.18 654.71 653.25 651.79 650.35 648.93 647.52 646.12 644.72 643.32 641.90 640.46 639.01 637.55 636.12 634.75 633.51 632.46 631.60 630.90 630.31 629.77 629.26 628.78 628.35 628.32 628.69 629.11 629.52 629.92 630.29 630.61 630.87 631.05
637.60 640.61 643.68 646.79 649.93 653.07 656.15 659.11 661.84 664.24 666.20 667.66 668.68 669.34 669.75 670.01 670.17 670.30 670.40 670.52 670.64 670.78 670.92 671.07 671.20 671.28 671.27 671.10 670.70 670.03 669.07 667.86 666.47 664.95 663.37 661.75 660.12 658.50 656.88 655.29 653.72 652.17 650.66 649.18 647.72 646.29 644.86 643.43 641.99 640.54 639.08 637.64 636.27 635.04 634.10 633.45 633.01 632.66 632.35 632.04 631.75 631.49 631.61 632.12 632.65 633.18 633.69 634.17 634.60 634.98 635.28
