output.asc
NCOLS          370       
NROWS          320       
XLLCENTER      73.17     
YLLCENTER      19.50     
DX             0.01      
DY             0.01      
NODATA_VALUE   -999.00   
[rows 160 to 191 of 320, columns 213 to 283 of 370]
512.63 511.80 510.88 509.88 508.82 507.69 506.52 505.30 504.05 502.79 501.55 500.33 499.15 498.02 496.94 495.94 495.04 494.32 493.98 494.18 494.76 495.51 496.37 497.30 498.27 499.29 500.35 501.46 502.60 503.80 505.06 506.40 507.80 509.24 510.72 512.21 513.69 515.15 516.60 518.01 519.38 520.70 521.43 520.96 520.42 519.78 518.99 517.99 516.78 515.43 513.97 512.44 510.86 509.25 507.62 506.01 504.43 502.91 501.45 500.05 498.70 497.42 496.21 495.10 494.09 493.20 492.41 491.72 491.10 490.57 490.10
513.33 512.58 511.70 510.72 509.66 508.57 507.43 506.28 505.10 503.93 502.77 501.64 500.55 499.50 498.53 497.65 496.89 496.35 496.10 496.22 496.64 497.26 498.01 498.84 499.73 500.67 501.64 502.65 503.71 504.81 505.99 507.26 508.62 510.03 511.48 512.92 514.35 515.76 517.13 518.45 519.69 520.75 521.28 521.11 520.66 520.08 519.35 518.33 517.02 515.57 514.06 512.49 510.89 509.27 507.66 506.07 504.51 503.00 501.55 500.14 498.79 497.51 496.32 495.23 494.28 493.45 492.75 492.15 491.62 491.17 490.77
514.02 513.35 512.50 511.52 510.49 509.43 508.35 507.26 506.16 505.08 504.01 502.97 501.98 501.04 500.17 499.41 498.79 498.36 498.18 498.25 498.58 499.08 499.72 500.46 501.26 502.11 502.99 503.90 504.85 505.84 506.91 508.11 509.43 510.82 512.22 513.61 514.97 516.28 517.54 518.71 519.74 520.54 520.96 520.94 520.63 520.14 519.55 518.53 517.12 515.63 514.09 512.50 510.89 509.28 507.69 506.12 504.59 503.11 501.67 500.27 498.93 497.64 496.45 495.38 494.47 493.74 493.14 492.63 492.20 491.83 491.51
514.66 514.13 513.25 512.26 511.26 510.26 509.25 508.24 507.23 506.24 505.26 504.32 503.43 502.60 501.85 501.20 500.68 500.34 500.19 500.26 500.52 500.94 501.49 502.14 502.85 503.61 504.41 505.22 506.05 506.90 507.83 508.95 510.26 511.63 512.98 514.29 515.55 516.75 517.86 518.87 519.71 520.33 520.66 520.67 520.42 519.97 519.32 518.33 517.03 515.58 514.05 512.47 510.87 509.27 507.70 506.16 504.68 503.23 501.83 500.46 499.13 497.83 496.62 495.54 494.69 494.06 493.59 493.20 492.86 492.58 492.33
515.11 514.64 513.82 512.90 511.98 511.05 510.13 509.21 508.29 507.40 506.53 505.69 504.90 504.17 503.52 502.97 502.55 502.27 502.16 502.22 502.44 502.81 503.29 503.86 504.50 505.19 505.90 506.63 507.35 508.07 508.79 509.82 511.18 512.51 513.78 515.00 516.14 517.20 518.17 519.00 519.68 520.16 520.39 520.38 520.13 519.67 518.99 518.04 516.84 515.47 513.97 512.40 510.81 509.24 507.70 506.21 504.78 503.40 502.05 500.73 499.42 498.13 496.87 495.73 494.93 494.48 494.16 493.88 493.63 493.42 493.24
515.37 514.88 514.22 513.44 512.63 511.81 510.99 510.17 509.35 508.56 507.79 507.06 506.37 505.74 505.19 504.73 504.38 504.16 504.08 504.15 504.35 504.67 505.10 505.61 506.19 506.81 507.47 508.13 508.79 509.45 510.14 511.09 512.30 513.51 514.67 515.76 516.76 517.68 518.48 519.16 519.68 520.03 520.17 520.10 519.83 519.36 518.68 517.77 516.65 515.33 513.86 512.31 510.74 509.18 507.68 506.26 504.91 503.61 502.35 501.11 499.86 498.61 497.34 496.06 495.32 495.11 494.91 494.71 494.53 494.37 494.24
515.59 515.14 514.58 513.93 513.25 512.54 511.83 511.12 510.41 509.73 509.06 508.43 507.84 507.30 506.84 506.46 506.18 506.01 505.96 506.03 506.22 506.52 506.91 507.38 507.91 508.49 509.10 509.72 510.36 511.02 511.74 512.60 513.61 514.64 515.64 516.57 517.42 518.18 518.83 519.35 519.73 519.95 519.99 519.86 519.55 519.07 518.40 517.56 516.50 515.22 513.76 512.21 510.64 509.10 507.64 506.31 505.07 503.90 502.75 501.62 500.47 499.32 498.16 497.08 496.38 496.09 495.89 495.72 495.57 495.45 495.35
515.82 515.42 514.94 514.42 513.85 513.26 512.67 512.07 511.48 510.89 510.33 509.79 509.30 508.85 508.47 508.16 507.94 507.82 507.80 507.88 508.07 508.35 508.72 509.16 509.66 510.20 510.78 511.38 512.00 512.65 513.36 514.14 514.99 515.85 516.68 517.45 518.14 518.74 519.22 519.59 519.82 519.92 519.86 519.66 519.31 518.80 518.16 517.37 516.42 515.16 513.68 512.12 510.54 509.00 507.59 506.37 505.28 504.26 503.26 502.26 501.25 500.24 499.26 498.38 497.74 497.35 497.09 496.90 496.75 496.64 496.56
516.07 515.72 515.33 514.91 514.46 513.99 513.51 513.03 512.54 512.06 511.60 511.16 510.75 510.38 510.08 509.83 509.67 509.58 509.59 509.69 509.88 510.15 510.51 510.93 511.40 511.93 512.48 513.07 513.68 514.31 514.98 515.68 516.40 517.11 517.78 518.39 518.91 519.34 519.66 519.88 519.97 519.94 519.79 519.50 519.09 518.57 517.92 517.16 516.30 515.06 513.58 512.05 510.48 508.92 507.51 506.46 505.58 504.74 503.89 503.04 502.19 501.33 500.50 499.75 499.16 498.73 498.43 498.21 498.05 497.94 497.87
516.35 516.06 515.74 515.42 515.09 514.74 514.38 514.01 513.63 513.25 512.88 512.52 512.19 511.90 511.66 511.48 511.36 511.31 511.35 511.46 511.65 511.93 512.27 512.68 513.14 513.65 514.20 514.77 515.37 515.98 516.60 517.23 517.84 518.41 518.93 519.37 519.73 519.99 520.16 520.22 520.17 520.01 519.75 519.38 518.91 518.35 517.68 516.90 515.98 514.82 513.48 512.03 510.53 508.98 507.42 506.73 506.04 505.35 504.65 503.95 503.24 502.52 501.81 501.16 500.60 500.17 499.85 499.62 499.45 499.34 499.28
516.67 516.42 516.19 515.97 515.75 515.52 515.27 515.01 514.73 514.45 514.16 513.89 513.63 513.41 513.23 513.09 513.01 513.00 513.06 513.19 513.39 513.66 514.00 514.40 514.86 515.36 515.90 516.47 517.05 517.64 518.22 518.78 519.29 519.74 520.12 520.40 520.59 520.69 520.69 520.60 520.41 520.13 519.76 519.30 518.77 518.15 517.46 516.66 515.74 514.65 513.43 512.12 510.75 509.39 508.19 507.36 506.70 506.10 505.52 504.95 504.40 503.81 503.19 502.59 502.07 501.65 501.33 501.10 500.94 500.84 500.78
517.04 516.82 516.66 516.55 516.46 516.35 516.21 516.05 515.87 515.67 515.46 515.26 515.07 514.90 514.77 514.68 514.64 514.66 514.73 514.87 515.08 515.36 515.69 516.09 516.54 517.04 517.58 518.14 518.72 519.29 519.84 520.34 520.77 521.11 521.34 521.46 521.49 521.42 521.27 521.02 520.70 520.29 519.81 519.25 518.65 518.00 517.29 516.49 515.60 514.59 513.48 512.31 511.11 509.96 508.95 508.14 507.50 506.95 506.46 506.01 505.61 505.17 504.59 504.02 503.53 503.14 502.84 502.63 502.49 502.41 502.38
517.45 517.25 517.18 517.21 517.24 517.25 517.22 517.15 517.05 516.92 516.78 516.64 516.51 516.39 516.30 516.24 516.23 516.27 516.36 516.51 516.73 517.00 517.34 517.73 518.18 518.68 519.21 519.78 520.36 520.93 521.46 521.92 522.27 522.50 522.59 522.56 522.42 522.18 521.87 521.48 521.02 520.49 519.89 519.24 518.57 517.89 517.18 516.41 515.55 514.62 513.62 512.58 511.54 510.56 509.68 508.95 508.34 507.84 507.42 507.07 506.78 506.51 505.93 505.40 504.97 504.63 504.38 504.20 504.10 504.06 504.07
517.95 517.70 517.78 517.97 518.13 518.24 518.30 518.30 518.27 518.21 518.12 518.03 517.94 517.87 517.81 517.78 517.79 517.85 517.95 518.11 518.32 518.59 518.93 519.31 519.76 520.25 520.79 521.36 521.95 522.53 523.07 523.51 523.80 523.92 523.86 523.66 523.35 522.95 522.48 521.95 521.37 520.73 520.03 519.28 518.51 517.84 517.15 516.40 515.59 514.73 513.82 512.91 512.01 511.16 510.39 509.74 509.19 508.74 508.37 508.07 507.81 507.51 507.12 506.72 506.38 506.11 505.92 505.80 505.75 505.77 505.84
518.68 518.18 518.59 518.93 519.18 519.36 519.47 519.53 519.55 519.53 519.49 519.44 519.38 519.33 519.30 519.30 519.32 519.38 519.49 519.65 519.86 520.12 520.45 520.83 521.27 521.76 522.29 522.87 523.48 524.08 524.64 525.10 525.36 525.37 525.15 524.76 524.27 523.70 523.09 522.43 521.74 521.00 520.23 519.42 518.60 517.91 517.21 516.48 515.71 514.91 514.09 513.27 512.49 511.75 511.09 510.52 510.03 509.63 509.31 509.04 508.80 508.56 508.28 508.01 507.77 507.59 507.48 507.43 507.45 507.52 507.66
519.85 519.68 519.85 520.13 520.39 520.59 520.74 520.83 520.88 520.90 520.88 520.86 520.82 520.79 520.78 520.78 520.81 520.88 520.99 521.14 521.34 521.59 521.90 522.27 522.69 523.17 523.70 524.28 524.90 525.54 526.16 526.68 526.95 526.84 526.41 525.81 525.13 524.41 523.67 522.90 522.11 521.30 520.48 519.65 518.84 518.08 517.36 516.62 515.88 515.14 514.39 513.67 512.98 512.34 511.77 511.27 510.86 510.52 510.24 510.02 509.82 509.64 509.46 509.29 509.16 509.07 509.04 509.08 509.17 509.32 509.54
521.24 521.20 521.31 521.52 521.75 521.94 522.10 522.20 522.27 522.30 522.30 522.28 522.26 522.24 522.23 522.24 522.27 522.33 522.43 522.57 522.75 522.99 523.27 523.62 524.02 524.48 524.99 525.56 526.18 526.84 527.52 528.17 528.57 528.27 527.55 526.73 525.89 525.04 524.19 523.33 522.47 521.61 520.74 519.89 519.07 518.29 517.55 516.82 516.10 515.41 514.73 514.08 513.48 512.93 512.44 512.02 511.67 511.39 511.17 511.00 510.87 510.75 510.66 510.59 510.56 510.57 510.63 510.74 510.92 511.15 511.45
522.68 522.71 522.83 523.00 523.20 523.38 523.53 523.63 523.69 523.72 523.73 523.72 523.70 523.68 523.67 523.67 523.70 523.74 523.82 523.94 524.10 524.31 524.57 524.88 525.25 525.67 526.15 526.68 527.27 527.91 528.60 529.32 530.09 529.39 528.41 527.45 526.51 525.57 524.64 523.72 522.80 521.90 521.00 520.14 519.30 518.51 517.76 517.04 516.35 515.70 515.08 514.50 513.98 513.51 513.10 512.76 512.48 512.27 512.11 512.01 511.94 511.90 511.89 511.91 511.97 512.08 512.22 512.43 512.69 513.00 513.38
524.14 524.22 524.36 524.53 524.71 524.88 525.01 525.10 525.15 525.17 525.17 525.15 525.12 525.10 525.08 525.07 525.08 525.11 525.17 525.25 525.38 525.56 525.78 526.05 526.37 526.75 527.17 527.65 528.17 528.73 529.30 529.84 530.12 529.71 528.86 527.91 526.95 525.98 525.01 524.04 523.09 522.16 521.24 520.36 519.52 518.72 517.97 517.27 516.61 516.00 515.44 514.93 514.48 514.09 513.76 513.50 513.29 513.15 513.06 513.03 513.03 513.07 513.15 513.26 513.41 513.60 513.84 514.13 514.47 514.87 515.33
525.57 525.71 525.88 526.07 526.25 526.41 526.53 526.60 526.63 526.63 526.61 526.57 526.53 526.49 526.46 526.44 526.43 526.43 526.45 526.51 526.60 526.73 526.90 527.13 527.40 527.71 528.07 528.46 528.89 529.32 529.73 530.02 530.06 529.71 529.02 528.17 527.24 526.27 525.29 524.31 523.34 522.38 521.45 520.56 519.71 518.92 518.18 517.49 516.87 516.31 515.80 515.36 514.98 514.67 514.42 514.23 514.11 514.04 514.03 514.06 514.14 514.26 514.42 514.62 514.86 515.14 515.47 515.85 516.28 516.76 517.30
526.97 527.16 527.38 527.60 527.80 527.96 528.06 528.12 528.12 528.09 528.04 527.98 527.91 527.85 527.81 527.77 527.73 527.70 527.69 527.70 527.74 527.83 527.95 528.12 528.32 528.57 528.85 529.15 529.46 529.76 530.00 530.12 530.03 529.68 529.08 528.30 527.42 526.48 525.50 524.52 523.54 522.57 521.64 520.74 519.89 519.10 518.37 517.71 517.12 516.61 516.17 515.79 515.49 515.25 515.08 514.97 514.93 514.94 515.00 515.12 515.28 515.48 515.72 516.01 516.34 516.71 517.12 517.59 518.10 518.67 519.29
528.30 528.57 528.84 529.12 529.35 529.52 529.62 529.64 529.60 529.54 529.45 529.36 529.26 529.18 529.11 529.05 529.00 528.92 528.86 528.82 528.82 528.85 528.92 529.02 529.16 529.33 529.53 529.73 529.93 530.11 530.22 530.21 530.04 529.67 529.11 528.39 527.55 526.63 525.67 524.69 523.71 522.74 521.79 520.89 520.04 519.26 518.55 517.92 517.37 516.91 516.52 516.22 515.99 515.84 515.75 515.72 515.76 515.85 515.99 516.19 516.43 516.72 517.04 517.42 517.83 518.29 518.79 519.34 519.93 520.58 521.28
529.56 529.90 530.26 530.60 530.90 531.09 531.17 531.15 531.06 530.95 530.82 530.69 530.57 530.45 530.35 530.27 530.20 530.07 529.96 529.88 529.83 529.81 529.82 529.86 529.93 530.02 530.13 530.24 530.34 530.40 530.40 530.30 530.08 529.69 529.15 528.46 527.65 526.76 525.81 524.84 523.85 522.88 521.93 521.03 520.18 519.40 518.70 518.10 517.60 517.19 516.88 516.65 516.51 516.43 516.42 516.48 516.60 516.77 517.00 517.28 517.60 517.97 518.39 518.84 519.34 519.89 520.47 521.11 521.78 522.51 523.28
530.72 531.15 531.60 532.05 532.43 532.66 532.71 532.62 532.48 532.31 532.14 531.98 531.82 531.67 531.54 531.41 531.28 531.14 531.00 530.87 530.77 530.70 530.65 530.63 530.62 530.64 530.66 530.68 530.69 530.66 530.58 530.41 530.14 529.75 529.23 528.56 527.76 526.87 525.94 524.97 523.99 523.01 522.06 521.15 520.29 519.52 518.84 518.27 517.82 517.47 517.24 517.09 517.03 517.04 517.12 517.26 517.46 517.72 518.03 518.39 518.80 519.25 519.75 520.29 520.88 521.51 522.18 522.89 523.65 524.45 525.30
531.77 532.29 532.84 533.40 533.92 534.24 534.20 534.02 533.82 533.61 533.40 533.20 533.02 532.83 532.66 532.49 532.32 532.14 531.97 531.81 531.66 531.53 531.42 531.34 531.26 531.20 531.15 531.09 531.01 530.91 530.75 530.53 530.23 529.83 529.34 528.68 527.88 526.99 526.06 525.11 524.13 523.15 522.19 521.27 520.40 519.63 518.96 518.42 518.02 517.75 517.59 517.54 517.56 517.66 517.83 518.06 518.35 518.69 519.08 519.53 520.02 520.56 521.14 521.77 522.43 523.14 523.89 524.69 525.52 526.40 527.32
532.71 533.31 533.94 534.59 535.26 535.78 535.53 535.28 535.04 534.81 534.59 534.37 534.15 533.94 533.74 533.53 533.32 533.11 532.90 532.69 532.50 532.32 532.15 532.00 531.86 531.73 531.60 531.46 531.31 531.14 530.92 530.65 530.32 529.92 529.44 528.80 527.99 527.12 526.21 525.26 524.29 523.31 522.34 521.40 520.51 519.72 519.06 518.56 518.22 518.03 517.97 518.01 518.13 518.32 518.57 518.89 519.26 519.68 520.16 520.69 521.26 521.89 522.55 523.26 524.01 524.80 525.63 526.50 527.41 528.36 529.36
533.54 534.20 534.87 535.54 536.16 536.55 536.52 536.34 536.13 535.91 535.69 535.46 535.24 535.00 534.77 534.53 534.29 534.04 533.79 533.54 533.30 533.06 532.84 532.62 532.42 532.22 532.02 531.81 531.60 531.36 531.09 530.77 530.41 529.98 529.47 528.84 528.08 527.25 526.37 525.45 524.49 523.52 522.54 521.57 520.65 519.82 519.15 518.68 518.42 518.33 518.37 518.51 518.73 519.01 519.35 519.75 520.20 520.71 521.27 521.88 522.54 523.24 523.99 524.78 525.61 526.48 527.39 528.34 529.32 530.34 531.40
534.29 534.99 535.68 536.31 536.85 537.20 537.31 537.25 537.11 536.93 536.73 536.51 536.27 536.02 535.77 535.50 535.22 534.94 534.64 534.35 534.06 533.77 533.49 533.21 532.94 532.68 532.41 532.14 531.87 531.58 531.26 530.91 530.51 530.06 529.53 528.91 528.21 527.42 526.58 525.69 524.76 523.79 522.80 521.81 520.83 519.95 519.23 518.79 518.63 518.67 518.84 519.09 519.40 519.76 520.19 520.66 521.19 521.78 522.41 523.10 523.84 524.63 525.46 526.33 527.24 528.19 529.17 530.19 531.24 532.33 533.46
534.98 535.72 536.41 537.02 537.53 537.88 538.05 538.08 538.02 537.89 537.71 537.50 537.27 537.01 536.73 536.44 536.13 535.81 535.47 535.14 534.79 534.45 534.11 533.77 533.44 533.11 532.79 532.46 532.13 531.79 531.44 531.05 530.63 530.16 529.64 529.04 528.38 527.65 526.86 526.01 525.11 524.17 523.18 522.16 521.13 520.14 519.32 518.91 518.91 519.11 519.41 519.75 520.15 520.59 521.08 521.62 522.22 522.88 523.59 524.36 525.18 526.05 526.96 527.91 528.89 529.92 530.98 532.07 533.19 534.34 535.53
535.65 536.42 537.12 537.73 538.23 538.59 538.81 538.90 538.90 538.81 538.66 538.47 538.24 537.97 537.68 537.36 537.02 536.66 536.29 535.90 535.51 535.11 534.71 534.31 533.92 533.53 533.15 532.77 532.39 532.01 531.62 531.21 530.78 530.31 529.80 529.23 528.61 527.94 527.21 526.42 525.57 524.67 523.71 522.69 521.62 520.53 519.48 519.09 519.37 519.74 520.13 520.54 521.00 521.49 522.04 522.64 523.30 524.03 524.81 525.66 526.55 527.50 528.49 529.51 530.58 531.68 532.81 533.96 535.15 536.37 537.61
536.34 537.14 537.85 538.46 538.97 539.35 539.60 539.74 539.77 539.72 539.60 539.42 539.19 538.92 538.61 538.27 537.90 537.50 537.08 536.65 536.20 535.75 535.29 534.84 534.39 533.94 533.50 533.07 532.65 532.24 531.82 531.39 530.95 530.49 530.00 529.48 528.91 528.30 527.64 526.93 526.15 525.32 524.41 523.44 522.41 521.35 520.32 519.95 520.25 520.64 521.04 521.48 521.96 522.48 523.07 523.71 524.43 525.22 526.07 526.99 527.96 528.99 530.05 531.16 532.30 533.47 534.66 535.89 537.14 538.41 539.71
537.09 537.90 538.63 539.25 539.76 540.15 540.43 540.59 540.66 540.64 540.54 540.37 540.14 539.86 539.54 539.17 538.77 538.33 537.87 537.38 536.88 536.38 535.86 535.35 534.84 534.34 533.85 533.36 532.91 532.47 532.03 531.59 531.15 530.71 530.25 529.77 529.27 528.74 528.16 527.54 526.86 526.12 525.30 524.42 523.50 522.60 521.85 521.49 521.55 521.81 522.16 522.57 523.04 523.57 524.17 524.85 525.61 526.45 527.38 528.37 529.42 530.52 531.66 532.84 534.05 535.29 536.56 537.84 539.15 540.48 541.82
