output.asc
NCOLS          370       
NROWS          320       
XLLCENTER      73.17     
YLLCENTER      19.50     
DX             0.01      
DY             0.01      
NODATA_VALUE   -999.00   
[rows 160 to 191 of 320, columns 71 to 141 of 370]
692.55 692.47 692.28 691.94 691.43 690.73 689.81 688.66 687.32 685.95 685.18 685.89 687.33 688.68 689.73 690.39 690.63 690.44 689.81 688.75 687.27 685.41 683.21 680.77 678.27 676.00 674.26 673.06 672.11 671.14 670.01 668.62 666.97 665.03 662.82 660.34 657.62 654.67 651.49 648.11 644.53 640.73 636.73 633.19 630.73 628.15 625.47 622.75 620.05 617.34 614.64 611.95 609.28 606.68 604.15 601.72 599.39 597.16 595.03 592.98 591.00 589.08 587.19 585.34 583.51 581.69 579.89 578.10 576.31 574.54 572.78
693.22 693.36 693.38 693.26 692.99 692.54 691.92 691.16 690.33 689.63 689.43 689.97 691.02 692.18 693.20 693.93 694.33 694.37 694.03 693.31 692.22 690.79 689.07 687.13 685.11 683.17 681.45 679.97 678.61 677.23 675.71 674.00 672.05 669.86 667.43 664.76 661.88 658.79 655.53 652.10 648.49 644.72 640.88 637.44 634.64 631.89 629.09 626.33 623.65 620.99 618.32 615.64 612.97 610.34 607.77 605.28 602.87 600.56 598.32 596.16 594.07 592.03 590.03 588.08 586.15 584.24 582.35 580.47 578.61 576.77 574.94
694.29 694.64 694.88 695.01 695.00 694.86 694.59 694.23 693.89 693.69 693.83 694.40 695.30 696.32 697.29 698.07 698.61 698.85 698.77 698.38 697.67 696.67 695.39 693.88 692.23 690.52 688.82 687.14 685.45 683.70 681.81 679.76 677.51 675.05 672.38 669.52 666.47 663.27 659.94 656.50 652.96 649.34 645.74 642.35 639.23 636.20 633.15 630.22 627.59 624.93 622.24 619.52 616.81 614.13 611.50 608.93 606.44 604.03 601.69 599.43 597.22 595.08 592.98 590.92 588.89 586.89 584.91 582.95 581.01 579.08 577.18
695.75 696.28 696.75 697.13 697.41 697.59 697.67 697.72 697.78 697.97 698.38 699.04 699.91 700.89 701.84 702.67 703.32 703.75 703.93 703.85 703.51 702.90 702.04 700.92 699.58 698.04 696.33 694.48 692.51 690.41 688.17 685.78 683.23 680.51 677.61 674.55 671.33 668.01 664.63 661.23 657.80 654.33 650.86 647.49 644.21 640.99 637.76 634.68 631.93 629.17 626.38 623.57 620.78 618.02 615.31 612.66 610.07 607.56 605.13 602.76 600.45 598.20 596.00 593.84 591.71 589.62 587.55 585.50 583.48 581.47 579.50
697.53 698.25 698.94 699.59 700.16 700.65 701.08 701.48 701.90 702.40 703.04 703.83 704.74 705.72 706.69 707.59 708.35 708.96 709.37 709.59 709.60 709.37 708.91 708.16 707.09 705.69 703.95 701.93 699.67 697.23 694.65 691.94 689.11 686.15 683.04 679.78 676.39 672.93 669.51 666.20 662.90 659.56 656.18 652.81 649.46 646.13 642.83 639.64 636.61 633.64 630.69 627.76 624.85 621.98 619.17 616.42 613.74 611.13 608.59 606.12 603.72 601.37 599.06 596.81 594.59 592.40 590.24 588.11 586.00 583.92 581.86
699.54 700.46 701.39 702.31 703.17 703.98 704.74 705.46 706.18 706.95 707.79 708.71 709.70 710.72 711.74 712.70 713.58 714.34 714.97 715.46 715.79 715.95 715.88 715.50 714.73 713.45 711.66 709.40 706.83 704.04 701.13 698.12 695.04 691.86 688.58 685.17 681.63 677.98 674.48 671.35 668.20 664.97 661.66 658.29 654.88 651.45 648.04 644.69 641.43 638.24 635.11 632.01 628.97 625.98 623.06 620.20 617.42 614.71 612.07 609.50 607.00 604.55 602.16 599.81 597.50 595.22 592.98 590.76 588.57 586.40 584.26
701.70 702.85 704.05 705.25 706.41 707.52 708.58 709.60 710.59 711.58 712.60 713.65 714.72 715.81 716.88 717.91 718.88 719.78 720.59 721.32 721.96 722.47 722.81 722.86 722.43 721.30 719.38 716.82 713.86 710.70 707.46 704.19 700.89 697.56 694.16 690.66 687.05 683.32 679.77 676.76 673.69 670.52 667.24 663.85 660.38 656.84 653.29 649.75 646.28 642.88 639.54 636.28 633.09 629.97 626.92 623.96 621.07 618.27 615.54 612.87 610.28 607.74 605.26 602.82 600.42 598.06 595.73 593.43 591.15 588.90 586.68
703.96 705.38 706.87 708.36 709.83 711.24 712.58 713.86 715.08 716.28 717.45 718.62 719.77 720.91 722.03 723.11 724.16 725.16 726.12 727.04 727.93 728.77 729.53 730.07 730.12 729.19 727.03 724.00 720.57 717.02 713.47 709.98 706.53 703.11 699.66 696.16 692.58 688.99 685.56 682.38 679.28 676.13 672.87 669.46 665.90 662.23 658.49 654.76 651.07 647.45 643.93 640.49 637.15 633.90 630.74 627.66 624.68 621.78 618.96 616.21 613.53 610.91 608.34 605.82 603.34 600.90 598.48 596.09 593.73 591.40 589.09
706.27 708.01 709.81 711.62 713.39 715.09 716.69 718.21 719.65 721.02 722.32 723.58 724.80 725.98 727.13 728.24 729.32 730.38 731.42 732.46 733.53 734.62 735.74 736.82 737.59 737.08 734.40 730.64 726.68 722.77 718.99 715.35 711.82 708.38 704.97 701.52 698.01 694.51 691.13 687.93 684.82 681.71 678.48 675.04 671.38 667.53 663.59 659.63 655.72 651.90 648.18 644.58 641.10 637.72 634.45 631.28 628.20 625.22 622.31 619.48 616.72 614.02 611.38 608.79 606.23 603.71 601.22 598.74 596.30 593.88 591.49
708.62 710.71 712.87 715.01 717.08 719.06 720.92 722.65 724.27 725.78 727.19 728.52 729.78 730.98 732.13 733.23 734.30 735.35 736.41 737.49 738.61 739.81 741.10 742.53 744.08 744.93 740.69 736.18 731.86 727.75 723.85 720.14 716.61 713.24 709.95 706.61 703.14 699.66 696.32 693.16 690.13 687.12 683.98 680.54 676.75 672.68 668.48 664.27 660.14 656.12 652.24 648.49 644.88 641.40 638.03 634.77 631.62 628.55 625.58 622.67 619.84 617.08 614.36 611.70 609.08 606.48 603.91 601.36 598.83 596.32 593.85
711.00 713.50 716.03 718.51 720.89 723.14 725.23 727.16 728.93 730.55 732.04 733.41 734.68 735.86 736.97 738.02 739.04 740.03 741.01 742.02 743.07 744.18 745.36 746.60 747.72 747.58 744.32 740.10 735.87 731.79 727.91 724.23 720.76 717.50 714.41 711.32 707.79 704.27 700.97 697.90 695.02 692.22 689.28 685.91 681.93 677.55 673.04 668.58 664.24 660.05 656.03 652.16 648.45 644.88 641.44 638.11 634.89 631.76 628.72 625.76 622.87 620.04 617.27 614.54 611.86 609.20 606.56 603.92 601.30 598.71 596.15
713.44 716.38 719.31 722.14 724.83 727.33 729.62 731.72 733.61 735.31 736.84 738.22 739.46 740.59 741.63 742.59 743.49 744.36 745.20 746.04 746.88 747.73 748.55 749.23 749.45 748.54 746.05 742.56 738.73 734.88 731.13 727.55 724.16 720.99 718.03 715.16 711.58 708.11 704.91 701.98 699.29 696.77 694.24 691.09 686.78 681.95 677.12 672.42 667.92 663.61 659.49 655.55 651.77 648.14 644.64 641.26 638.00 634.82 631.73 628.72 625.78 622.89 620.06 617.29 614.55 611.84 609.13 606.41 603.70 601.02 598.39
716.00 719.42 722.74 725.92 728.88 731.62 734.10 736.32 738.30 740.05 741.58 742.93 744.11 745.16 746.08 746.90 747.64 748.32 748.95 749.54 750.09 750.58 750.93 751.03 750.60 749.34 747.10 744.09 740.67 737.10 733.55 730.09 726.78 723.63 720.61 717.56 714.32 711.09 708.04 705.24 702.70 700.42 698.39 696.04 690.83 685.55 680.50 675.68 671.10 666.73 662.57 658.59 654.79 651.13 647.61 644.21 640.92 637.71 634.59 631.54 628.55 625.62 622.74 619.91 617.12 614.38 611.62 608.78 605.99 603.23 600.52
718.82 722.67 726.36 729.84 733.07 736.00 738.64 740.96 742.99 744.74 746.24 747.52 748.61 749.52 750.29 750.94 751.48 751.92 752.29 752.57 752.77 752.85 752.74 752.33 751.46 749.96 747.79 745.04 741.92 738.60 735.23 731.90 728.66 725.52 722.45 719.40 716.31 713.26 710.35 707.63 705.11 702.80 700.59 697.75 693.10 688.00 683.03 678.26 673.71 669.37 665.23 661.27 657.48 653.84 650.33 646.93 643.63 640.42 637.28 634.20 631.18 628.20 625.27 622.39 619.54 616.73 613.89 611.00 608.14 605.32 602.55
722.01 726.16 730.16 733.91 737.37 740.48 743.23 745.62 747.65 749.37 750.79 751.97 752.92 753.67 754.26 754.69 754.98 755.16 755.21 755.16 754.98 754.65 754.11 753.28 752.05 750.36 748.17 745.55 742.61 739.48 736.27 733.05 729.87 726.75 723.69 720.66 717.66 714.71 711.87 709.16 706.56 704.02 701.34 698.09 693.99 689.41 684.74 680.17 675.75 671.52 667.46 663.57 659.84 656.25 652.78 649.41 646.13 642.93 639.79 636.69 633.64 630.63 627.65 624.71 621.79 618.88 615.97 613.05 610.14 607.27 604.44
725.48 729.85 734.10 738.10 741.77 745.03 747.87 750.27 752.27 753.90 755.21 756.23 757.01 757.58 757.94 758.13 758.16 758.03 757.76 757.35 756.78 756.05 755.10 753.90 752.38 750.49 748.25 745.67 742.84 739.83 736.73 733.59 730.47 727.38 724.34 721.34 718.39 715.50 712.69 709.95 707.23 704.46 701.49 698.12 694.28 690.08 685.75 681.45 677.24 673.17 669.26 665.49 661.86 658.35 654.95 651.64 648.41 645.23 642.11 639.01 635.94 632.90 629.88 626.87 623.88 620.89 617.91 614.93 611.98 609.06 606.18
728.99 733.59 738.10 742.35 746.23 749.62 752.51 754.88 756.79 758.29 759.43 760.28 760.86 761.21 761.34 761.26 760.99 760.54 759.92 759.14 758.19 757.06 755.74 754.20 752.40 750.33 747.99 745.41 742.62 739.69 736.66 733.59 730.51 727.45 724.42 721.45 718.53 715.68 712.88 710.10 707.28 704.36 701.23 697.84 694.15 690.24 686.22 682.19 678.22 674.36 670.63 667.02 663.53 660.14 656.85 653.62 650.46 647.33 644.23 641.15 638.08 635.01 631.94 628.87 625.81 622.75 619.70 616.66 613.65 610.68 607.76
732.35 737.24 742.06 746.61 750.70 754.23 757.12 759.41 761.16 762.47 763.41 764.05 764.41 764.53 764.41 764.05 763.48 762.69 761.71 760.54 759.20 757.69 756.01 754.14 752.09 749.84 747.39 744.76 741.99 739.09 736.11 733.08 730.02 726.98 723.96 721.00 718.10 715.26 712.48 709.70 706.83 703.80 700.60 697.21 693.66 689.97 686.21 682.45 678.74 675.12 671.59 668.17 664.85 661.62 658.46 655.35 652.27 649.22 646.17 643.11 640.03 636.94 633.84 630.72 627.59 624.45 621.33 618.22 615.14 612.11 609.13
735.38 740.65 745.87 750.78 755.15 758.80 761.66 763.78 765.30 766.36 767.06 767.47 767.61 767.49 767.12 766.49 765.60 764.47 763.11 761.56 759.82 757.92 755.88 753.70 751.40 748.96 746.39 743.71 740.92 738.04 735.08 732.07 729.03 725.98 722.96 719.99 717.09 714.27 711.53 708.80 705.93 702.81 699.55 696.20 692.78 689.29 685.78 682.28 678.83 675.46 672.17 668.97 665.85 662.80 659.80 656.82 653.86 650.90 647.91 644.88 641.82 638.72 635.57 632.40 629.20 625.98 622.77 619.58 616.42 613.32 610.28
737.92 743.66 749.37 754.76 759.51 763.30 766.05 767.90 769.09 769.84 770.27 770.45 770.38 770.05 769.45 768.55 767.35 765.86 764.12 762.15 760.00 757.72 755.32 752.83 750.27 747.65 744.96 742.22 739.41 736.54 733.59 730.59 727.54 724.47 721.42 718.42 715.51 712.69 709.98 707.36 704.58 701.32 698.05 694.78 691.50 688.21 684.94 681.70 678.52 675.41 672.37 669.41 666.52 663.67 660.86 658.05 655.23 652.37 649.46 646.49 643.44 640.32 637.14 633.91 630.63 627.33 624.02 620.73 617.48 614.29 611.17
739.83 746.07 752.37 758.42 763.71 767.69 770.19 771.57 772.32 772.71 772.89 772.87 772.64 772.15 771.35 770.21 768.70 766.84 764.69 762.30 759.73 757.03 754.27 751.47 748.66 745.85 743.05 740.25 737.43 734.57 731.65 728.64 725.56 722.45 719.34 716.29 713.34 710.49 707.75 705.09 702.29 699.17 696.03 692.90 689.80 686.74 683.71 680.73 677.82 674.98 672.21 669.51 666.87 664.26 661.66 659.04 656.38 653.65 650.83 647.91 644.89 641.76 638.54 635.24 631.88 628.48 625.07 621.67 618.30 614.99 611.77
740.89 747.62 754.57 761.47 767.64 771.90 773.83 774.49 774.69 774.75 774.74 774.61 774.31 773.74 772.80 771.44 769.63 767.40 764.81 761.96 758.93 755.81 752.67 749.55 746.49 743.50 740.60 737.76 734.95 732.14 729.24 726.23 723.10 719.91 716.72 713.60 710.58 707.69 704.89 702.15 699.35 696.44 693.50 690.58 687.69 684.86 682.09 679.38 676.74 674.18 671.70 669.27 666.90 664.55 662.19 659.79 657.32 654.74 652.03 649.17 646.17 643.03 639.77 636.40 632.94 629.43 625.89 622.36 618.86 615.42 612.06
740.93 748.00 755.47 763.23 770.88 775.80 776.31 776.04 775.81 775.68 775.62 775.53 775.29 774.75 773.77 772.25 770.14 767.51 764.44 761.08 757.56 753.99 750.45 747.01 743.69 740.53 737.53 734.68 731.92 729.19 726.38 723.37 720.16 716.85 713.55 710.33 707.25 704.31 701.49 698.74 696.01 693.26 690.53 687.83 685.18 682.59 680.08 677.65 675.29 673.02 670.83 668.70 666.61 664.55 662.46 660.31 658.05 655.63 653.04 650.26 647.29 644.14 640.82 637.37 633.80 630.16 626.49 622.81 619.15 615.56 612.05
739.80 746.96 754.55 762.53 770.79 776.32 775.92 775.47 775.26 775.25 775.38 775.51 775.51 775.16 774.25 772.63 770.22 767.13 763.51 759.59 755.53 751.48 747.53 743.75 740.19 736.86 733.78 730.92 728.26 725.70 723.04 720.05 716.70 713.21 709.77 706.47 703.35 700.39 697.58 694.89 692.26 689.68 687.15 684.67 682.27 679.94 677.69 675.53 673.47 671.49 669.59 667.77 666.00 664.24 662.46 660.59 658.57 656.35 653.89 651.18 648.24 645.07 641.69 638.14 634.46 630.67 626.83 622.99 619.17 615.41 611.73
737.48 744.44 751.67 758.99 765.75 770.30 771.99 772.53 772.90 773.33 773.87 774.44 774.87 774.91 774.24 772.59 769.86 766.21 761.95 757.37 752.73 748.18 743.82 739.71 735.90 732.41 729.24 726.39 723.84 721.53 719.20 716.26 712.63 708.89 705.32 701.97 698.85 695.93 693.19 690.60 688.11 685.71 683.39 681.14 678.98 676.91 674.93 673.05 671.27 669.58 667.99 666.48 665.03 663.61 662.16 660.61 658.87 656.87 654.55 651.92 649.00 645.81 642.37 638.71 634.88 630.93 626.92 622.89 618.90 614.96 611.11
734.08 740.62 747.24 753.67 759.36 763.60 766.21 767.76 768.89 769.94 771.05 772.20 773.25 773.93 773.74 772.18 769.04 764.65 759.58 754.28 749.03 743.98 739.22 734.81 730.77 727.10 723.83 720.95 718.46 716.36 714.60 711.83 707.63 703.71 700.11 696.80 693.76 690.94 688.33 685.88 683.56 681.36 679.26 677.25 675.34 673.53 671.81 670.20 668.70 667.30 666.01 664.81 663.69 662.62 661.54 660.36 658.96 657.19 655.01 652.45 649.55 646.35 642.84 639.06 635.06 630.93 626.72 622.50 618.32 614.21 610.19
729.79 735.80 741.77 747.45 752.47 756.52 759.52 761.72 763.51 765.16 766.85 768.63 770.45 772.03 772.72 771.44 767.65 762.21 756.17 750.10 744.26 738.77 733.67 728.99 724.73 720.91 717.51 714.54 711.99 709.81 707.82 705.03 701.24 697.53 694.10 690.95 688.07 685.44 683.00 680.75 678.64 676.65 674.78 673.02 671.36 669.79 668.34 666.99 665.75 664.63 663.62 662.72 661.92 661.21 660.53 659.78 658.79 657.29 655.22 652.70 649.84 646.64 643.07 639.16 634.97 630.62 626.20 621.77 617.41 613.13 608.97
724.80 730.27 735.62 740.68 745.21 749.06 752.19 754.75 756.97 759.06 761.21 763.53 766.06 768.69 770.89 770.42 765.28 758.34 751.30 744.57 738.27 732.44 727.09 722.21 717.80 713.83 710.30 707.20 704.48 702.03 699.62 696.86 693.68 690.43 687.33 684.47 681.84 679.45 677.25 675.23 673.35 671.61 669.98 668.46 667.05 665.73 664.52 663.42 662.43 661.56 660.81 660.19 659.68 659.29 659.00 658.74 658.30 657.12 655.03 652.54 649.77 646.64 643.05 638.98 634.56 629.96 625.31 620.69 616.15 611.72 607.42
719.28 724.21 729.00 733.52 737.63 741.24 744.33 747.01 749.42 751.73 754.12 756.69 759.57 762.82 766.47 768.79 760.23 752.10 744.50 737.44 730.94 724.96 719.49 714.51 709.99 705.91 702.27 699.03 696.14 693.50 690.93 688.26 685.46 682.64 679.94 677.43 675.13 673.03 671.11 669.36 667.75 666.26 664.88 663.61 662.44 661.36 660.39 659.52 658.76 658.11 657.58 657.18 656.92 656.78 656.79 656.92 657.17 656.41 654.08 651.72 649.21 646.31 642.74 638.46 633.75 628.88 624.00 619.19 614.50 609.95 605.54
713.36 717.77 722.04 726.06 729.76 733.07 736.00 738.60 740.98 743.27 745.60 748.08 750.74 753.52 755.95 755.63 750.10 742.83 735.55 728.66 722.26 716.36 710.93 705.94 701.39 697.25 693.52 690.18 687.18 684.44 681.85 679.32 676.82 674.39 672.09 669.96 668.01 666.25 664.65 663.19 661.86 660.64 659.52 658.50 657.56 656.71 655.95 655.29 654.73 654.28 653.93 653.71 653.61 653.63 653.77 654.00 654.16 653.51 651.84 649.96 647.98 645.60 642.13 637.49 632.40 627.25 622.17 617.23 612.43 607.80 603.33
707.14 711.05 714.82 718.37 721.65 724.61 727.26 729.62 731.79 733.84 735.87 737.92 739.95 741.71 742.53 741.19 737.08 731.21 724.77 718.42 712.39 706.77 701.52 696.64 692.11 687.96 684.19 680.79 677.74 674.98 672.45 670.09 667.87 665.80 663.89 662.16 660.59 659.19 657.93 656.78 655.75 654.80 653.94 653.16 652.45 651.81 651.25 650.78 650.39 650.09 649.89 649.79 649.78 649.86 650.00 650.13 650.07 649.52 648.44 647.11 645.74 644.29 641.08 635.70 630.26 624.94 619.77 614.77 609.93 605.26 600.77
700.72 704.13 707.42 710.52 713.36 715.93 718.21 720.22 722.02 723.66 725.20 726.65 727.93 728.76 728.62 726.90 723.37 718.43 712.79 707.08 701.62 696.43 691.49 686.78 682.33 678.18 674.39 670.97 667.93 665.23 662.81 660.64 658.70 656.97 655.45 654.12 652.96 651.93 651.02 650.20 649.47 648.80 648.19 647.63 647.14 646.70 646.32 646.01 645.76 645.59 645.49 645.46 645.49 645.57 645.66 645.67 645.49 645.00 644.18 643.14 641.98 640.62 637.53 632.40 627.09 621.86 616.76 611.80 606.99 602.35 597.87
