Jupyter notebooks/output.asc
NCOLS          370       
NROWS          320       
XLLCENTER      73.17     
YLLCENTER      19.50     
DX             0.01      
DY             0.01      
NODATA_VALUE   -999.00   
[rows 266 to 303 of 320, columns 0 to 83 of 370]
1.98 1.98 1.98 1.99 1.99 1.99 1.99 1.99 1.99 2.00 2.00 2.00 2.00 2.01 2.01 2.01 2.01 2.02 2.02 2.02 2.03 2.03 2.04 2.04 2.05 2.05 2.05 2.06 2.07 2.07 2.08 2.08 2.09 2.10 2.10 2.11 2.12 2.13 2.14 2.15 2.16 2.16 2.18 2.19 2.20 2.21 2.22 2.23 2.25 2.27 2.29 2.31 2.33 2.35 2.38 2.40 2.43 2.45 2.48 2.50 2.53 2.56 2.59 2.62 2.64 2.68 2.71 2.74 2.77 2.80 2.84 2.87 2.91 2.95 2.99 3.02 3.06 3.11 3.15 3.20 3.24 3.29 3.34 3.40
2.00 2.00 2.00 2.01 2.01 2.01 2.01 2.01 2.02 2.02 2.02 2.02 2.03 2.03 2.03 2.03 2.04 2.04 2.05 2.05 2.05 2.06 2.06 2.07 2.07 2.08 2.08 2.09 2.09 2.10 2.11 2.11 2.12 2.13 2.13 2.14 2.15 2.16 2.17 2.18 2.19 2.20 2.21 2.22 2.23 2.24 2.26 2.27 2.29 2.31 2.33 2.35 2.37 2.39 2.41 2.44 2.46 2.49 2.51 2.54 2.57 2.59 2.62 2.65 2.68 2.71 2.74 2.78 2.81 2.84 2.88 2.91 2.95 2.98 3.02 3.06 3.10 3.14 3.18 3.23 3.28 3.33 3.38 3.43
2.02 2.02 2.02 2.03 2.03 2.03 2.03 2.04 2.04 2.04 2.04 2.05 2.05 2.05 2.06 2.06 2.06 2.07 2.07 2.07 2.08 2.08 2.09 2.09 2.10 2.10 2.11 2.12 2.12 2.13 2.13 2.14 2.15 2.16 2.16 2.17 2.18 2.19 2.20 2.21 2.22 2.23 2.24 2.25 2.27 2.28 2.29 2.31 2.33 2.34 2.36 2.38 2.41 2.43 2.45 2.48 2.50 2.53 2.55 2.58 2.60 2.63 2.66 2.69 2.72 2.75 2.78 2.81 2.85 2.88 2.91 2.95 2.98 3.02 3.06 3.10 3.14 3.18 3.22 3.27 3.31 3.36 3.41 3.47
2.04 2.04 2.05 2.05 2.05 2.05 2.05 2.06 2.06 2.06 2.07 2.07 2.07 2.08 2.08 2.08 2.09 2.09 2.09 2.10 2.10 2.11 2.11 2.12 2.12 2.13 2.14 2.14 2.15 2.16 2.16 2.17 2.18 2.19 2.20 2.20 2.21 2.22 2.23 2.24 2.25 2.26 2.28 2.29 2.30 2.32 2.33 2.35 2.36 2.38 2.40 2.42 2.44 2.47 2.49 2.51 2.54 2.56 2.59 2.62 2.64 2.67 2.70 2.73 2.76 2.79 2.82 2.85 2.88 2.92 2.95 2.99 3.02 3.06 3.10 3.14 3.18 3.22 3.26 3.31 3.35 3.40 3.45 3.50
2.06 2.06 2.07 2.07 2.07 2.07 2.08 2.08 2.08 2.08 2.09 2.09 2.09 2.10 2.10 2.11 2.11 2.12 2.12 2.12 2.13 2.13 2.14 2.15 2.15 2.16 2.16 2.17 2.18 2.19 2.19 2.20 2.21 2.22 2.23 2.24 2.24 2.25 2.27 2.28 2.29 2.30 2.31 2.32 2.34 2.35 2.37 2.38 2.40 2.42 2.44 2.46 2.48 2.50 2.53 2.55 2.58 2.60 2.63 2.65 2.68 2.71 2.74 2.77 2.80 2.83 2.86 2.89 2.92 2.96 2.99 3.03 3.06 3.10 3.14 3.18 3.22 3.26 3.31 3.35 3.40 3.45 3.49 3.55
2.08 2.08 2.09 2.09 2.09 2.09 2.10 2.10 2.10 2.11 2.11 2.11 2.12 2.12 2.13 2.13 2.14 2.14 2.15 2.15 2.16 2.16 2.17 2.17 2.18 2.19 2.19 2.20 2.21 2.21 2.22 2.23 2.24 2.25 2.26 2.27 2.28 2.29 2.30 2.31 2.32 2.33 2.35 2.36 2.37 2.39 2.41 2.42 2.44 2.46 2.48 2.50 2.52 2.54 2.57 2.59 2.62 2.64 2.67 2.69 2.72 2.75 2.78 2.81 2.84 2.87 2.90 2.93 2.96 3.00 3.03 3.07 3.10 3.14 3.18 3.22 3.26 3.31 3.35 3.40 3.44 3.49 3.54 3.60
2.10 2.10 2.11 2.11 2.11 2.12 2.12 2.12 2.13 2.13 2.13 2.14 2.14 2.15 2.15 2.16 2.16 2.17 2.17 2.18 2.18 2.19 2.19 2.20 2.21 2.21 2.22 2.23 2.24 2.24 2.25 2.26 2.27 2.28 2.29 2.30 2.31 2.32 2.33 2.34 2.36 2.37 2.38 2.40 2.41 2.43 2.44 2.46 2.48 2.50 2.52 2.54 2.56 2.58 2.61 2.63 2.65 2.68 2.71 2.73 2.76 2.79 2.82 2.85 2.88 2.91 2.94 2.97 3.00 3.04 3.07 3.11 3.14 3.18 3.22 3.26 3.31 3.35 3.40 3.44 3.49 3.54 3.60 3.65
2.12 2.12 2.13 2.13 2.13 2.14 2.14 2.14 2.15 2.15 2.16 2.16 2.17 2.17 2.17 2.18 2.19 2.19 2.20 2.20 2.21 2.21 2.22 2.23 2.23 2.24 2.25 2.26 2.27 2.27 2.28 2.29 2.30 2.31 2.32 2.33 2.34 2.35 2.37 2.38 2.39 2.40 2.42 2.43 2.45 2.46 2.48 2.50 2.52 2.54 2.56 2.58 2.60 2.62 2.65 2.67 2.69 2.72 2.75 2.77 2.80 2.83 2.86 2.89 2.92 2.95 2.98 3.01 3.04 3.08 3.11 3.15 3.19 3.22 3.26 3.31 3.35 3.40 3.44 3.49 3.54 3.59 3.65 3.70
2.14 2.15 2.15 2.15 2.16 2.16 2.16 2.17 2.17 2.18 2.18 2.18 2.19 2.19 2.20 2.20 2.21 2.22 2.22 2.23 2.23 2.24 2.25 2.26 2.26 2.27 2.28 2.29 2.29 2.30 2.31 2.32 2.33 2.34 2.35 2.36 2.38 2.39 2.40 2.41 2.43 2.44 2.45 2.47 2.48 2.50 2.52 2.54 2.56 2.58 2.60 2.62 2.64 2.66 2.69 2.71 2.74 2.76 2.79 2.81 2.84 2.87 2.90 2.93 2.96 2.99 3.02 3.05 3.08 3.12 3.15 3.19 3.23 3.27 3.31 3.35 3.40 3.44 3.49 3.54 3.59 3.65 3.70 3.76
2.16 2.17 2.17 2.17 2.18 2.18 2.19 2.19 2.19 2.20 2.20 2.21 2.21 2.22 2.22 2.23 2.24 2.24 2.25 2.25 2.26 2.27 2.28 2.28 2.29 2.30 2.31 2.32 2.32 2.33 2.34 2.35 2.36 2.37 2.39 2.40 2.41 2.42 2.43 2.45 2.46 2.48 2.49 2.51 2.52 2.54 2.56 2.58 2.59 2.61 2.64 2.66 2.68 2.70 2.73 2.75 2.78 2.80 2.83 2.86 2.88 2.91 2.94 2.97 3.00 3.03 3.06 3.09 3.13 3.16 3.20 3.23 3.27 3.31 3.35 3.40 3.44 3.49 3.54 3.59 3.64 3.70 3.75 3.81
2.18 2.19 2.19 2.20 2.20 2.20 2.21 2.21 2.22 2.22 2.23 2.23 2.24 2.24 2.25 2.25 2.26 2.27 2.27 2.28 2.29 2.30 2.30 2.31 2.32 2.33 2.34 2.35 2.35 2.36 2.37 2.38 2.40 2.41 2.42 2.43 2.44 2.45 2.47 2.48 2.50 2.51 2.53 2.54 2.56 2.58 2.59 2.61 2.63 2.65 2.67 2.70 2.72 2.74 2.77 2.79 2.82 2.84 2.87 2.90 2.92 2.95 2.98 3.01 3.04 3.07 3.10 3.14 3.17 3.20 3.24 3.27 3.31 3.35 3.40 3.44 3.49 3.54 3.59 3.64 3.70 3.75 3.81 3.87
2.21 2.21 2.21 2.22 2.22 2.23 2.23 2.24 2.24 2.25 2.25 2.26 2.26 2.27 2.27 2.28 2.29 2.29 2.30 2.31 2.32 2.32 2.33 2.34 2.35 2.36 2.37 2.37 2.38 2.39 2.40 2.42 2.43 2.44 2.45 2.46 2.48 2.49 2.50 2.52 2.53 2.55 2.56 2.58 2.60 2.61 2.63 2.65 2.67 2.69 2.71 2.74 2.76 2.78 2.81 2.83 2.86 2.88 2.91 2.94 2.97 3.00 3.02 3.05 3.09 3.12 3.15 3.18 3.21 3.25 3.28 3.32 3.36 3.40 3.44 3.49 3.54 3.59 3.64 3.69 3.75 3.81 3.86 3.92
2.23 2.23 2.23 2.24 2.24 2.25 2.25 2.26 2.26 2.27 2.27 2.28 2.29 2.29 2.30 2.31 2.31 2.32 2.33 2.33 2.34 2.35 2.36 2.37 2.38 2.39 2.39 2.40 2.41 2.43 2.44 2.45 2.46 2.47 2.48 2.50 2.51 2.52 2.54 2.55 2.57 2.58 2.60 2.62 2.63 2.65 2.67 2.69 2.71 2.73 2.75 2.78 2.80 2.82 2.85 2.87 2.90 2.93 2.95 2.98 3.01 3.04 3.07 3.10 3.13 3.16 3.19 3.22 3.26 3.29 3.33 3.36 3.40 3.44 3.48 3.53 3.59 3.64 3.69 3.75 3.80 3.86 3.92 3.98
2.25 2.25 2.26 2.26 2.27 2.27 2.28 2.28 2.29 2.29 2.30 2.30 2.31 2.32 2.32 2.33 2.34 2.35 2.35 2.36 2.37 2.38 2.39 2.40 2.40 2.41 2.42 2.43 2.44 2.46 2.47 2.48 2.49 2.50 2.52 2.53 2.54 2.56 2.57 2.59 2.60 2.62 2.64 2.65 2.67 2.69 2.71 2.73 2.75 2.77 2.79 2.82 2.84 2.86 2.89 2.91 2.94 2.97 3.00 3.02 3.05 3.08 3.11 3.14 3.17 3.20 3.24 3.27 3.30 3.34 3.37 3.41 3.45 3.48 3.53 3.58 3.63 3.69 3.75 3.80 3.86 3.92 3.98 4.04
2.27 2.27 2.28 2.28 2.29 2.29 2.30 2.30 2.31 2.32 2.32 2.33 2.34 2.34 2.35 2.36 2.36 2.37 2.38 2.39 2.40 2.41 2.41 2.42 2.43 2.44 2.45 2.46 2.48 2.49 2.50 2.51 2.52 2.54 2.55 2.56 2.58 2.59 2.61 2.62 2.64 2.65 2.67 2.69 2.71 2.73 2.75 2.77 2.79 2.81 2.83 2.86 2.88 2.91 2.93 2.96 2.98 3.01 3.04 3.07 3.10 3.12 3.16 3.19 3.22 3.25 3.28 3.32 3.35 3.39 3.42 3.46 3.49 3.53 3.58 3.63 3.69 3.74 3.80 3.86 3.92 3.97 4.03 4.09
2.29 2.29 2.30 2.31 2.31 2.32 2.32 2.33 2.33 2.34 2.35 2.35 2.36 2.37 2.37 2.38 2.39 2.40 2.41 2.42 2.42 2.43 2.44 2.45 2.46 2.47 2.48 2.49 2.51 2.52 2.53 2.54 2.55 2.57 2.58 2.60 2.61 2.63 2.64 2.66 2.67 2.69 2.71 2.73 2.75 2.77 2.79 2.81 2.83 2.85 2.87 2.90 2.92 2.95 2.97 3.00 3.02 3.05 3.08 3.11 3.14 3.17 3.20 3.23 3.26 3.30 3.33 3.36 3.40 3.43 3.47 3.51 3.55 3.59 3.64 3.69 3.74 3.80 3.86 3.91 3.97 4.03 4.09 4.15
2.31 2.32 2.32 2.33 2.33 2.34 2.34 2.35 2.36 2.36 2.37 2.38 2.39 2.39 2.40 2.41 2.42 2.42 2.43 2.44 2.45 2.46 2.47 2.48 2.49 2.50 2.51 2.52 2.54 2.55 2.56 2.57 2.59 2.60 2.61 2.63 2.64 2.66 2.68 2.69 2.71 2.73 2.74 2.76 2.78 2.80 2.82 2.85 2.87 2.89 2.91 2.94 2.96 2.99 3.01 3.04 3.07 3.09 3.12 3.15 3.18 3.21 3.24 3.28 3.31 3.34 3.38 3.41 3.45 3.48 3.52 3.56 3.60 3.64 3.69 3.74 3.80 3.85 3.91 3.97 4.03 4.09 4.15 4.22
2.33 2.34 2.34 2.35 2.36 2.36 2.37 2.37 2.38 2.39 2.40 2.40 2.41 2.42 2.43 2.43 2.44 2.45 2.46 2.47 2.48 2.49 2.50 2.51 2.52 2.53 2.54 2.55 2.57 2.58 2.59 2.60 2.62 2.63 2.65 2.66 2.68 2.69 2.71 2.73 2.74 2.76 2.78 2.80 2.82 2.84 2.86 2.88 2.91 2.93 2.95 2.98 3.00 3.03 3.05 3.08 3.11 3.14 3.17 3.20 3.23 3.26 3.29 3.32 3.36 3.39 3.42 3.46 3.50 3.53 3.57 3.61 3.66 3.70 3.75 3.80 3.85 3.91 3.97 4.03 4.09 4.15 4.21 4.28
2.35 2.36 2.37 2.37 2.38 2.38 2.39 2.40 2.40 2.41 2.42 2.43 2.43 2.44 2.45 2.46 2.47 2.48 2.49 2.50 2.51 2.52 2.53 2.54 2.55 2.56 2.57 2.58 2.60 2.61 2.62 2.64 2.65 2.67 2.68 2.70 2.71 2.73 2.74 2.76 2.78 2.80 2.82 2.84 2.86 2.88 2.90 2.92 2.94 2.97 2.99 3.02 3.04 3.07 3.10 3.12 3.15 3.18 3.21 3.24 3.27 3.30 3.33 3.37 3.40 3.44 3.47 3.51 3.55 3.58 3.62 3.67 3.71 3.76 3.81 3.86 3.91 3.97 4.03 4.09 4.15 4.21 4.28 4.34
2.38 2.38 2.39 2.39 2.40 2.41 2.41 2.42 2.43 2.44 2.44 2.45 2.46 2.47 2.48 2.49 2.49 2.50 2.51 2.52 2.53 2.54 2.56 2.57 2.58 2.59 2.60 2.61 2.63 2.64 2.65 2.67 2.68 2.70 2.71 2.73 2.74 2.76 2.78 2.80 2.82 2.83 2.85 2.87 2.89 2.92 2.94 2.96 2.98 3.01 3.03 3.06 3.08 3.11 3.14 3.16 3.19 3.22 3.25 3.28 3.31 3.35 3.38 3.41 3.45 3.48 3.52 3.56 3.60 3.64 3.68 3.72 3.76 3.81 3.86 3.91 3.97 4.02 4.08 4.14 4.21 4.27 4.34 4.40
2.40 2.40 2.41 2.42 2.42 2.43 2.44 2.44 2.45 2.46 2.47 2.48 2.48 2.49 2.50 2.51 2.52 2.53 2.54 2.55 2.56 2.57 2.58 2.59 2.61 2.62 2.63 2.64 2.66 2.67 2.69 2.70 2.71 2.73 2.75 2.76 2.78 2.80 2.81 2.83 2.85 2.87 2.89 2.91 2.93 2.95 2.98 3.00 3.02 3.05 3.07 3.10 3.12 3.15 3.18 3.21 3.23 3.26 3.30 3.33 3.36 3.39 3.42 3.46 3.49 3.53 3.57 3.61 3.65 3.69 3.73 3.77 3.82 3.87 3.92 3.97 4.02 4.08 4.14 4.20 4.27 4.33 4.40 4.47
2.42 2.43 2.43 2.44 2.45 2.45 2.46 2.47 2.48 2.48 2.49 2.50 2.51 2.52 2.53 2.54 2.55 2.56 2.57 2.58 2.59 2.60 2.61 2.62 2.64 2.65 2.66 2.67 2.69 2.70 2.72 2.73 2.75 2.76 2.78 2.79 2.81 2.83 2.85 2.87 2.89 2.91 2.93 2.95 2.97 2.99 3.01 3.04 3.06 3.08 3.11 3.14 3.16 3.19 3.22 3.25 3.28 3.31 3.34 3.37 3.40 3.44 3.47 3.50 3.54 3.58 3.62 3.65 3.69 3.74 3.78 3.82 3.87 3.92 3.97 4.02 4.08 4.14 4.20 4.26 4.32 4.39 4.46 4.53
2.44 2.45 2.45 2.46 2.47 2.48 2.48 2.49 2.50 2.51 2.52 2.53 2.53 2.54 2.55 2.56 2.57 2.58 2.59 2.61 2.62 2.63 2.64 2.65 2.66 2.68 2.69 2.70 2.72 2.73 2.75 2.76 2.78 2.79 2.81 2.83 2.85 2.86 2.88 2.90 2.92 2.94 2.96 2.98 3.00 3.03 3.05 3.07 3.10 3.12 3.15 3.18 3.20 3.23 3.26 3.29 3.32 3.35 3.38 3.41 3.45 3.48 3.51 3.55 3.59 3.62 3.66 3.70 3.74 3.79 3.83 3.88 3.92 3.97 4.02 4.08 4.13 4.19 4.25 4.31 4.38 4.45 4.52 4.59
2.46 2.47 2.48 2.48 2.49 2.50 2.51 2.52 2.52 2.53 2.54 2.55 2.56 2.57 2.58 2.59 2.60 2.61 2.62 2.63 2.64 2.66 2.67 2.68 2.69 2.71 2.72 2.73 2.75 2.76 2.78 2.79 2.81 2.83 2.84 2.86 2.88 2.90 2.92 2.93 2.95 2.98 3.00 3.02 3.04 3.06 3.09 3.11 3.14 3.16 3.19 3.21 3.24 3.27 3.30 3.33 3.36 3.39 3.42 3.46 3.49 3.52 3.56 3.60 3.63 3.67 3.71 3.75 3.79 3.84 3.88 3.93 3.97 4.02 4.07 4.13 4.18 4.24 4.30 4.37 4.43 4.50 4.57 4.64
2.48 2.49 2.50 2.51 2.51 2.52 2.53 2.54 2.55 2.56 2.57 2.57 2.58 2.59 2.60 2.61 2.63 2.64 2.65 2.66 2.67 2.68 2.70 2.71 2.72 2.74 2.75 2.76 2.78 2.79 2.81 2.82 2.84 2.86 2.88 2.89 2.91 2.93 2.95 2.97 2.99 3.01 3.03 3.05 3.08 3.10 3.12 3.15 3.17 3.20 3.23 3.25 3.28 3.31 3.34 3.37 3.40 3.43 3.46 3.50 3.53 3.57 3.60 3.64 3.68 3.72 3.76 3.80 3.84 3.88 3.93 3.98 4.02 4.07 4.13 4.18 4.23 4.29 4.36 4.42 4.49 4.56 4.63 4.70
2.51 2.51 2.52 2.53 2.54 2.55 2.55 2.56 2.57 2.58 2.59 2.60 2.61 2.62 2.63 2.64 2.65 2.66 2.67 2.69 2.70 2.71 2.72 2.74 2.75 2.76 2.78 2.79 2.81 2.82 2.84 2.86 2.87 2.89 2.91 2.93 2.94 2.96 2.98 3.00 3.02 3.04 3.07 3.09 3.11 3.14 3.16 3.19 3.21 3.24 3.26 3.29 3.32 3.35 3.38 3.41 3.44 3.47 3.51 3.54 3.57 3.61 3.65 3.68 3.72 3.76 3.80 3.84 3.89 3.93 3.98 4.03 4.07 4.12 4.18 4.23 4.28 4.34 4.41 4.47 4.54 4.61 4.68 4.76
2.53 2.54 2.54 2.55 2.56 2.57 2.58 2.59 2.60 2.60 2.61 2.62 2.63 2.64 2.66 2.67 2.68 2.69 2.70 2.71 2.73 2.74 2.75 2.76 2.78 2.79 2.81 2.82 2.84 2.85 2.87 2.89 2.90 2.92 2.94 2.96 2.98 3.00 3.02 3.04 3.06 3.08 3.10 3.12 3.15 3.17 3.20 3.22 3.25 3.27 3.30 3.33 3.36 3.39 3.42 3.45 3.48 3.51 3.55 3.58 3.62 3.65 3.69 3.73 3.77 3.81 3.85 3.89 3.93 3.98 4.03 4.07 4.12 4.17 4.23 4.28 4.34 4.40 4.46 4.53 4.59 4.66 4.74 4.81
2.55 2.56 2.57 2.57 2.58 2.59 2.60 2.61 2.62 2.63 2.64 2.65 2.66 2.67 2.68 2.69 2.70 2.72 2.73 2.74 2.75 2.77 2.78 2.79 2.81 2.82 2.84 2.85 2.87 2.88 2.90 2.92 2.93 2.95 2.97 2.99 3.01 3.03 3.05 3.07 3.09 3.11 3.14 3.16 3.18 3.21 3.23 3.26 3.28 3.31 3.34 3.37 3.40 3.43 3.46 3.49 3.52 3.55 3.59 3.62 3.66 3.70 3.73 3.77 3.81 3.85 3.89 3.94 3.98 4.03 4.07 4.12 4.17 4.22 4.27 4.33 4.39 4.45 4.51 4.58 4.64 4.71 4.79 4.86
2.57 2.58 2.59 2.60 2.61 2.61 2.62 2.63 2.64 2.65 2.66 2.67 2.68 2.69 2.71 2.72 2.73 2.74 2.75 2.77 2.78 2.79 2.81 2.82 2.84 2.85 2.87 2.88 2.90 2.91 2.93 2.95 2.97 2.98 3.00 3.02 3.04 3.06 3.08 3.10 3.13 3.15 3.17 3.19 3.22 3.24 3.27 3.29 3.32 3.35 3.38 3.41 3.43 3.47 3.50 3.53 3.56 3.59 3.63 3.66 3.70 3.74 3.77 3.81 3.85 3.89 3.94 3.98 4.03 4.07 4.12 4.17 4.22 4.27 4.32 4.38 4.44 4.50 4.56 4.63 4.69 4.76 4.83 4.91
2.59 2.60 2.61 2.62 2.63 2.64 2.65 2.66 2.67 2.68 2.69 2.70 2.71 2.72 2.73 2.74 2.76 2.77 2.78 2.79 2.81 2.82 2.83 2.85 2.86 2.88 2.89 2.91 2.93 2.94 2.96 2.98 3.00 3.01 3.03 3.05 3.07 3.09 3.11 3.14 3.16 3.18 3.20 3.23 3.25 3.28 3.30 3.33 3.36 3.38 3.41 3.44 3.47 3.50 3.53 3.57 3.60 3.63 3.67 3.70 3.74 3.78 3.82 3.86 3.90 3.94 3.98 4.02 4.07 4.12 4.16 4.21 4.26 4.32 4.37 4.43 4.48 4.54 4.61 4.67 4.74 4.81 4.88 4.95
2.61 2.62 2.63 2.64 2.65 2.66 2.67 2.68 2.69 2.70 2.71 2.72 2.73 2.74 2.76 2.77 2.78 2.79 2.81 2.82 2.83 2.85 2.86 2.88 2.89 2.91 2.92 2.94 2.96 2.97 2.99 3.01 3.03 3.05 3.06 3.08 3.10 3.13 3.15 3.17 3.19 3.21 3.24 3.26 3.29 3.31 3.34 3.37 3.39 3.42 3.45 3.48 3.51 3.54 3.57 3.60 3.64 3.67 3.71 3.74 3.78 3.82 3.86 3.90 3.94 3.98 4.02 4.07 4.11 4.16 4.21 4.26 4.31 4.36 4.42 4.47 4.53 4.59 4.65 4.72 4.78 4.85 4.92 5.00
2.64 2.65 2.65 2.66 2.67 2.68 2.69 2.70 2.71 2.72 2.73 2.75 2.76 2.77 2.78 2.79 2.81 2.82 2.83 2.85 2.86 2.87 2.89 2.90 2.92 2.93 2.95 2.97 2.98 3.00 3.02 3.04 3.06 3.08 3.10 3.12 3.14 3.16 3.18 3.20 3.22 3.25 3.27 3.30 3.32 3.35 3.37 3.40 3.43 3.46 3.49 3.51 3.55 3.58 3.61 3.64 3.68 3.71 3.75 3.78 3.82 3.86 3.90 3.94 3.98 4.02 4.06 4.11 4.15 4.20 4.25 4.30 4.35 4.40 4.46 4.52 4.57 4.63 4.70 4.76 4.83 4.89 4.96 5.04
2.66 2.67 2.68 2.69 2.70 2.71 2.72 2.73 2.74 2.75 2.76 2.77 2.78 2.79 2.81 2.82 2.83 2.84 2.86 2.87 2.89 2.90 2.92 2.93 2.95 2.96 2.98 3.00 3.01 3.03 3.05 3.07 3.09 3.11 3.13 3.15 3.17 3.19 3.21 3.23 3.26 3.28 3.30 3.33 3.35 3.38 3.41 3.43 3.46 3.49 3.52 3.55 3.58 3.61 3.65 3.68 3.71 3.75 3.78 3.82 3.86 3.90 3.93 3.98 4.02 4.06 4.10 4.15 4.19 4.24 4.29 4.34 4.39 4.45 4.50 4.56 4.62 4.68 4.74 4.80 4.87 4.93 5.00 5.07
2.68 2.69 2.70 2.71 2.72 2.73 2.74 2.75 2.76 2.77 2.78 2.79 2.81 2.82 2.83 2.84 2.86 2.87 2.88 2.90 2.91 2.93 2.94 2.96 2.97 2.99 3.01 3.02 3.04 3.06 3.08 3.10 3.12 3.14 3.16 3.18 3.20 3.22 3.24 3.26 3.29 3.31 3.34 3.36 3.39 3.41 3.44 3.47 3.50 3.53 3.55 3.59 3.62 3.65 3.68 3.71 3.75 3.78 3.82 3.86 3.89 3.93 3.97 4.01 4.06 4.10 4.14 4.19 4.23 4.28 4.33 4.38 4.43 4.49 4.54 4.60 4.66 4.71 4.78 4.84 4.90 4.97 5.04 5.11
2.70 2.71 2.72 2.73 2.74 2.75 2.76 2.77 2.78 2.79 2.81 2.82 2.83 2.84 2.86 2.87 2.88 2.90 2.91 2.92 2.94 2.95 2.97 2.99 3.00 3.02 3.03 3.05 3.07 3.09 3.11 3.13 3.15 3.17 3.19 3.21 3.23 3.25 3.27 3.30 3.32 3.34 3.37 3.39 3.42 3.45 3.47 3.50 3.53 3.56 3.59 3.62 3.65 3.68 3.72 3.75 3.78 3.82 3.86 3.89 3.93 3.97 4.01 4.05 4.09 4.14 4.18 4.23 4.27 4.32 4.37 4.42 4.47 4.52 4.58 4.64 4.69 4.75 4.81 4.88 4.94 5.00 5.07 5.14
2.72 2.73 2.74 2.75 2.76 2.77 2.78 2.80 2.81 2.82 2.83 2.84 2.85 2.87 2.88 2.89 2.91 2.92 2.94 2.95 2.96 2.98 3.00 3.01 3.03 3.05 3.06 3.08 3.10 3.12 3.14 3.15 3.17 3.19 3.22 3.24 3.26 3.28 3.30 3.33 3.35 3.37 3.40 3.43 3.45 3.48 3.51 3.53 3.56 3.59 3.62 3.65 3.69 3.72 3.75 3.78 3.82 3.86 3.89 3.93 3.97 4.01 4.05 4.09 4.13 4.17 4.22 4.26 4.31 4.36 4.41 4.46 4.51 4.56 4.62 4.67 4.73 4.79 4.85 4.91 4.97 5.04 5.10 5.17
2.74 2.75 2.76 2.77 2.78 2.80 2.81 2.82 2.83 2.84 2.85 2.87 2.88 2.89 2.90 2.92 2.93 2.95 2.96 2.98 2.99 3.01 3.02 3.04 3.06 3.07 3.09 3.11 3.13 3.14 3.16 3.18 3.20 3.22 3.24 3.27 3.29 3.31 3.33 3.36 3.38 3.41 3.43 3.46 3.48 3.51 3.54 3.57 3.60 3.63 3.66 3.69 3.72 3.75 3.78 3.82 3.85 3.89 3.93 3.96 4.00 4.04 4.08 4.12 4.16 4.21 4.25 4.30 4.34 4.39 4.44 4.49 4.54 4.60 4.65 4.71 4.76 4.82 4.88 4.94 5.00 5.07 5.13 5.20
2.76 2.78 2.79 2.80 2.81 2.82 2.83 2.84 2.85 2.86 2.88 2.89 2.90 2.92 2.93 2.94 2.96 2.97 2.99 3.00 3.02 3.03 3.05 3.06 3.08 3.10 3.12 3.13 3.15 3.17 3.19 3.21 3.23 3.25 3.27 3.30 3.32 3.34 3.36 3.39 3.41 3.44 3.46 3.49 3.51 3.54 3.57 3.60 3.63 3.66 3.69 3.72 3.75 3.78 3.82 3.85 3.89 3.92 3.96 4.00 4.04 4.08 4.12 4.16 4.20 4.24 4.29 4.33 4.38 4.43 4.48 4.53 4.58 4.63 4.68 4.74 4.79 4.85 4.91 4.97 5.03 5.09 5.16 5.22
