Jupyter notebooks/output.asc
NCOLS          370       
NROWS          320       
XLLCENTER      73.17     
YLLCENTER      19.50     
DX             0.01      
DY             0.01      
NODATA_VALUE   -999.00   
[rows 114 to 151 of 320, columns 84 to 167 of 370]
3.30 3.33 3.35 3.38 3.41 3.44 3.47 3.50 3.53 3.56 3.58 3.61 3.64 3.67 3.70 3.73 3.76 3.79 3.82 3.85 3.87 3.90 3.93 3.96 3.99 4.01 4.04 4.07 4.10 4.12 4.15 4.18 4.21 4.23 4.26 4.28 4.31 4.33 4.36 4.38 4.41 4.43 4.45 4.48 4.50 4.52 4.54 4.56 4.58 4.60 4.62 4.64 4.66 4.68 4.70 4.72 4.73 4.75 4.77 4.78 4.80 4.82 4.83 4.85 4.86 4.88 4.89 4.91 4.93 4.95 4.97 4.99 5.01 5.03 5.04 5.06 5.07 5.07 5.08 5.09 5.09 5.09 5.10 5.10
3.29 3.32 3.34 3.37 3.40 3.43 3.46 3.49 3.52 3.55 3.58 3.61 3.64 3.66 3.69 3.72 3.75 3.78 3.81 3.84 3.87 3.90 3.93 3.95 3.98 4.01 4.04 4.07 4.09 4.12 4.15 4.18 4.20 4.23 4.26 4.28 4.31 4.33 4.36 4.38 4.41 4.43 4.45 4.47 4.50 4.52 4.54 4.56 4.58 4.60 4.62 4.64 4.66 4.68 4.69 4.71 4.73 4.75 4.76 4.78 4.79 4.81 4.83 4.84 4.86 4.87 4.88 4.90 4.92 4.94 4.96 4.98 5.00 5.01 5.03 5.04 5.05 5.06 5.06 5.07 5.08 5.08 5.08 5.09
3.28 3.31 3.33 3.36 3.39 3.42 3.45 3.48 3.51 3.54 3.57 3.60 3.63 3.66 3.69 3.72 3.75 3.78 3.81 3.83 3.86 3.89 3.92 3.95 3.98 4.01 4.03 4.06 4.09 4.12 4.15 4.17 4.20 4.23 4.25 4.28 4.30 4.33 4.35 4.38 4.40 4.43 4.45 4.47 4.49 4.52 4.54 4.56 4.58 4.60 4.62 4.64 4.65 4.67 4.69 4.71 4.72 4.74 4.76 4.77 4.79 4.80 4.82 4.83 4.85 4.86 4.88 4.89 4.91 4.93 4.95 4.97 4.98 5.00 5.02 5.03 5.04 5.04 5.05 5.05 5.06 5.06 5.07 5.07
3.27 3.29 3.32 3.35 3.38 3.41 3.44 3.47 3.50 3.53 3.56 3.59 3.62 3.65 3.68 3.71 3.74 3.77 3.80 3.83 3.86 3.89 3.92 3.95 3.97 4.00 4.03 4.06 4.09 4.11 4.14 4.17 4.20 4.22 4.25 4.28 4.30 4.33 4.35 4.38 4.40 4.43 4.45 4.47 4.49 4.51 4.54 4.56 4.58 4.60 4.61 4.63 4.65 4.67 4.69 4.70 4.72 4.74 4.75 4.77 4.78 4.80 4.81 4.83 4.84 4.86 4.87 4.89 4.90 4.92 4.94 4.96 4.97 4.99 5.00 5.01 5.02 5.03 5.03 5.04 5.04 5.05 5.05 5.06
3.25 3.28 3.31 3.34 3.37 3.40 3.43 3.46 3.49 3.52 3.55 3.58 3.61 3.64 3.67 3.70 3.73 3.76 3.79 3.82 3.85 3.88 3.91 3.94 3.97 4.00 4.03 4.06 4.08 4.11 4.14 4.17 4.19 4.22 4.25 4.27 4.30 4.33 4.35 4.38 4.40 4.42 4.45 4.47 4.49 4.51 4.53 4.55 4.57 4.59 4.61 4.63 4.65 4.66 4.68 4.70 4.71 4.73 4.75 4.76 4.78 4.79 4.81 4.82 4.84 4.85 4.87 4.88 4.90 4.91 4.93 4.94 4.96 4.97 4.98 4.99 5.00 5.01 5.02 5.02 5.03 5.03 5.04 5.04
3.24 3.27 3.30 3.33 3.36 3.39 3.42 3.45 3.48 3.51 3.55 3.58 3.61 3.64 3.67 3.70 3.73 3.76 3.79 3.82 3.85 3.88 3.91 3.94 3.97 3.99 4.02 4.05 4.08 4.11 4.14 4.16 4.19 4.22 4.24 4.27 4.30 4.32 4.35 4.37 4.40 4.42 4.45 4.47 4.49 4.51 4.53 4.55 4.57 4.59 4.61 4.63 4.64 4.66 4.68 4.69 4.71 4.72 4.74 4.75 4.77 4.78 4.80 4.81 4.83 4.84 4.86 4.87 4.89 4.90 4.92 4.93 4.95 4.96 4.97 4.98 4.98 4.99 5.00 5.00 5.01 5.02 5.02 5.03
3.23 3.26 3.29 3.32 3.35 3.38 3.41 3.44 3.48 3.51 3.54 3.57 3.60 3.63 3.66 3.69 3.72 3.75 3.78 3.81 3.84 3.87 3.90 3.93 3.96 3.99 4.02 4.05 4.08 4.10 4.13 4.16 4.19 4.21 4.24 4.27 4.30 4.32 4.35 4.37 4.40 4.42 4.44 4.47 4.49 4.51 4.53 4.55 4.57 4.59 4.60 4.62 4.64 4.66 4.67 4.69 4.70 4.72 4.73 4.75 4.76 4.78 4.79 4.81 4.82 4.84 4.85 4.87 4.88 4.89 4.91 4.92 4.93 4.95 4.95 4.96 4.97 4.97 4.98 4.99 4.99 5.00 5.01 5.01
3.22 3.25 3.28 3.31 3.34 3.37 3.40 3.44 3.47 3.50 3.53 3.56 3.59 3.62 3.65 3.69 3.72 3.75 3.78 3.81 3.84 3.87 3.90 3.93 3.96 3.99 4.02 4.04 4.07 4.10 4.13 4.16 4.18 4.21 4.24 4.27 4.29 4.32 4.35 4.37 4.40 4.42 4.44 4.46 4.49 4.51 4.53 4.55 4.56 4.58 4.60 4.62 4.63 4.65 4.67 4.68 4.70 4.71 4.73 4.74 4.75 4.77 4.78 4.80 4.81 4.83 4.84 4.86 4.87 4.89 4.90 4.91 4.92 4.93 4.94 4.95 4.95 4.96 4.96 4.97 4.98 4.99 4.99 5.00
3.21 3.24 3.27 3.30 3.33 3.36 3.39 3.43 3.46 3.49 3.52 3.55 3.58 3.62 3.65 3.68 3.71 3.74 3.77 3.80 3.83 3.86 3.89 3.92 3.95 3.98 4.01 4.04 4.07 4.10 4.13 4.15 4.18 4.21 4.24 4.26 4.29 4.32 4.34 4.37 4.39 4.42 4.44 4.46 4.48 4.50 4.52 4.54 4.56 4.58 4.59 4.61 4.63 4.65 4.66 4.68 4.69 4.70 4.72 4.73 4.75 4.76 4.77 4.79 4.80 4.82 4.83 4.85 4.86 4.88 4.89 4.90 4.91 4.92 4.93 4.94 4.94 4.94 4.94 4.95 4.96 4.97 4.98 4.99
3.20 3.23 3.26 3.29 3.32 3.35 3.39 3.42 3.45 3.48 3.51 3.55 3.58 3.61 3.64 3.67 3.71 3.74 3.77 3.80 3.83 3.86 3.89 3.92 3.95 3.98 4.01 4.04 4.07 4.09 4.12 4.15 4.18 4.21 4.23 4.26 4.29 4.32 4.34 4.37 4.39 4.42 4.44 4.46 4.48 4.50 4.52 4.54 4.56 4.57 4.59 4.61 4.62 4.64 4.66 4.67 4.68 4.70 4.71 4.72 4.74 4.75 4.77 4.78 4.79 4.81 4.83 4.84 4.85 4.87 4.88 4.89 4.91 4.92 4.92 4.93 4.93 4.93 4.93 4.94 4.95 4.96 4.97 4.97
3.18 3.22 3.25 3.28 3.31 3.34 3.38 3.41 3.44 3.47 3.51 3.54 3.57 3.60 3.64 3.67 3.70 3.73 3.76 3.79 3.83 3.86 3.89 3.92 3.95 3.98 4.00 4.03 4.06 4.09 4.12 4.15 4.17 4.20 4.23 4.26 4.29 4.31 4.34 4.37 4.39 4.42 4.44 4.46 4.48 4.50 4.52 4.54 4.55 4.57 4.58 4.60 4.62 4.63 4.65 4.66 4.67 4.69 4.70 4.71 4.73 4.74 4.76 4.77 4.79 4.80 4.82 4.83 4.85 4.86 4.87 4.89 4.90 4.91 4.92 4.92 4.93 4.93 4.93 4.94 4.95 4.95 4.96 4.96
3.17 3.20 3.24 3.27 3.30 3.33 3.37 3.40 3.43 3.46 3.50 3.53 3.56 3.60 3.63 3.66 3.69 3.73 3.76 3.79 3.82 3.85 3.88 3.91 3.94 3.97 4.00 4.03 4.06 4.09 4.11 4.14 4.17 4.20 4.23 4.25 4.28 4.31 4.34 4.36 4.39 4.42 4.44 4.46 4.48 4.50 4.51 4.53 4.55 4.56 4.58 4.59 4.61 4.62 4.64 4.65 4.66 4.68 4.69 4.70 4.72 4.73 4.75 4.76 4.78 4.79 4.81 4.82 4.84 4.85 4.87 4.88 4.89 4.90 4.91 4.92 4.92 4.93 4.93 4.94 4.94 4.95 4.95 4.96
3.16 3.19 3.22 3.26 3.29 3.32 3.36 3.39 3.42 3.46 3.49 3.52 3.56 3.59 3.62 3.66 3.69 3.72 3.75 3.79 3.82 3.85 3.88 3.91 3.94 3.97 4.00 4.03 4.05 4.08 4.11 4.14 4.17 4.19 4.22 4.25 4.28 4.31 4.34 4.36 4.39 4.41 4.44 4.46 4.48 4.50 4.51 4.53 4.54 4.56 4.57 4.58 4.60 4.61 4.63 4.64 4.65 4.66 4.68 4.69 4.70 4.72 4.73 4.75 4.76 4.78 4.80 4.81 4.83 4.85 4.86 4.87 4.89 4.90 4.91 4.92 4.93 4.93 4.93 4.94 4.94 4.94 4.95 4.95
3.15 3.18 3.21 3.25 3.28 3.31 3.35 3.38 3.41 3.45 3.48 3.52 3.55 3.58 3.62 3.65 3.68 3.72 3.75 3.78 3.81 3.84 3.88 3.91 3.94 3.97 3.99 4.02 4.05 4.08 4.11 4.13 4.16 4.19 4.22 4.25 4.28 4.30 4.33 4.36 4.39 4.41 4.44 4.46 4.48 4.49 4.51 4.52 4.54 4.55 4.56 4.58 4.59 4.60 4.61 4.63 4.64 4.65 4.67 4.68 4.69 4.71 4.72 4.74 4.75 4.77 4.79 4.80 4.82 4.84 4.85 4.87 4.88 4.90 4.91 4.92 4.93 4.93 4.94 4.94 4.94 4.94 4.94 4.94
3.14 3.17 3.20 3.23 3.27 3.30 3.34 3.37 3.40 3.44 3.47 3.51 3.54 3.58 3.61 3.65 3.68 3.71 3.74 3.78 3.81 3.84 3.87 3.90 3.93 3.96 3.99 4.02 4.05 4.08 4.10 4.13 4.16 4.19 4.21 4.24 4.27 4.30 4.33 4.36 4.39 4.41 4.44 4.46 4.48 4.49 4.50 4.52 4.53 4.54 4.55 4.57 4.58 4.59 4.60 4.62 4.63 4.64 4.65 4.67 4.68 4.69 4.71 4.73 4.74 4.76 4.78 4.79 4.81 4.83 4.85 4.86 4.88 4.89 4.91 4.92 4.93 4.94 4.94 4.94 4.94 4.93 4.93 4.93
3.12 3.16 3.19 3.22 3.26 3.29 3.33 3.36 3.40 3.43 3.47 3.50 3.54 3.57 3.61 3.64 3.67 3.71 3.74 3.77 3.81 3.84 3.87 3.90 3.93 3.96 3.99 4.02 4.05 4.07 4.10 4.13 4.15 4.18 4.21 4.24 4.27 4.30 4.33 4.36 4.39 4.41 4.44 4.46 4.47 4.49 4.50 4.51 4.52 4.53 4.54 4.56 4.57 4.58 4.59 4.60 4.62 4.63 4.64 4.65 4.67 4.68 4.70 4.71 4.73 4.75 4.77 4.78 4.80 4.82 4.84 4.86 4.87 4.89 4.91 4.92 4.93 4.94 4.94 4.94 4.93 4.93 4.93 4.92
3.11 3.14 3.18 3.21 3.25 3.28 3.32 3.35 3.39 3.42 3.46 3.49 3.53 3.56 3.60 3.63 3.67 3.70 3.74 3.77 3.80 3.84 3.87 3.90 3.93 3.96 3.99 4.02 4.04 4.07 4.10 4.12 4.15 4.18 4.20 4.23 4.26 4.29 4.32 4.35 4.38 4.41 4.44 4.46 4.47 4.48 4.49 4.50 4.51 4.52 4.53 4.55 4.56 4.57 4.58 4.59 4.60 4.61 4.63 4.64 4.65 4.67 4.68 4.70 4.72 4.74 4.75 4.77 4.79 4.81 4.83 4.85 4.87 4.89 4.90 4.92 4.94 4.94 4.94 4.93 4.93 4.92 4.92 4.91
3.10 3.13 3.16 3.20 3.23 3.27 3.31 3.34 3.38 3.41 3.45 3.49 3.52 3.56 3.59 3.63 3.67 3.70 3.73 3.77 3.80 3.83 3.87 3.90 3.93 3.96 3.99 4.01 4.04 4.07 4.09 4.12 4.14 4.17 4.20 4.23 4.26 4.29 4.32 4.35 4.37 4.40 4.43 4.44 4.46 4.47 4.48 4.49 4.50 4.51 4.52 4.53 4.55 4.56 4.57 4.58 4.59 4.60 4.61 4.62 4.64 4.65 4.67 4.69 4.70 4.72 4.74 4.76 4.78 4.80 4.82 4.84 4.86 4.88 4.90 4.91 4.93 4.93 4.93 4.92 4.92 4.91 4.91 4.90
3.08 3.12 3.15 3.19 3.22 3.26 3.30 3.33 3.37 3.41 3.44 3.48 3.52 3.55 3.59 3.63 3.66 3.70 3.73 3.77 3.80 3.83 3.86 3.90 3.93 3.96 3.99 4.01 4.04 4.07 4.09 4.11 4.14 4.16 4.19 4.22 4.25 4.28 4.31 4.34 4.37 4.39 4.41 4.43 4.45 4.46 4.47 4.48 4.49 4.50 4.51 4.52 4.53 4.54 4.55 4.56 4.58 4.59 4.60 4.61 4.62 4.64 4.65 4.67 4.69 4.71 4.73 4.75 4.77 4.79 4.81 4.83 4.85 4.87 4.88 4.90 4.91 4.91 4.91 4.91 4.90 4.90 4.89 4.89
3.07 3.10 3.14 3.18 3.21 3.25 3.29 3.32 3.36 3.40 3.44 3.47 3.51 3.55 3.58 3.62 3.66 3.69 3.73 3.76 3.80 3.83 3.86 3.90 3.93 3.96 3.99 4.01 4.04 4.07 4.09 4.11 4.14 4.16 4.18 4.21 4.25 4.28 4.30 4.33 4.36 4.38 4.40 4.42 4.44 4.45 4.46 4.47 4.48 4.49 4.50 4.51 4.52 4.53 4.54 4.55 4.56 4.57 4.58 4.59 4.61 4.62 4.64 4.66 4.68 4.70 4.72 4.74 4.76 4.78 4.80 4.82 4.84 4.85 4.87 4.88 4.89 4.89 4.89 4.89 4.89 4.89 4.88 4.88
3.05 3.09 3.13 3.16 3.20 3.24 3.28 3.31 3.35 3.39 3.43 3.47 3.50 3.54 3.58 3.62 3.65 3.69 3.73 3.76 3.80 3.83 3.86 3.90 3.93 3.96 3.99 4.02 4.04 4.07 4.09 4.11 4.13 4.15 4.18 4.21 4.24 4.27 4.30 4.33 4.35 4.37 4.39 4.41 4.42 4.44 4.45 4.46 4.47 4.48 4.49 4.50 4.51 4.52 4.53 4.54 4.55 4.56 4.57 4.58 4.59 4.61 4.62 4.64 4.66 4.69 4.71 4.73 4.75 4.77 4.79 4.81 4.83 4.84 4.86 4.87 4.87 4.87 4.87 4.87 4.87 4.87 4.87 4.87
3.04 3.08 3.11 3.15 3.19 3.23 3.27 3.30 3.34 3.38 3.42 3.46 3.50 3.54 3.57 3.61 3.65 3.69 3.72 3.76 3.80 3.83 3.86 3.90 3.93 3.96 3.99 4.02 4.05 4.07 4.10 4.12 4.14 4.16 4.18 4.21 4.24 4.27 4.30 4.32 4.35 4.37 4.38 4.40 4.41 4.43 4.44 4.45 4.46 4.47 4.48 4.49 4.50 4.51 4.52 4.53 4.54 4.55 4.56 4.57 4.58 4.59 4.61 4.63 4.65 4.67 4.70 4.72 4.74 4.76 4.78 4.80 4.82 4.83 4.84 4.85 4.86 4.86 4.86 4.86 4.86 4.86 4.86 4.85
3.03 3.06 3.10 3.14 3.18 3.22 3.25 3.29 3.33 3.37 3.41 3.45 3.49 3.53 3.57 3.61 3.65 3.69 3.72 3.76 3.80 3.83 3.87 3.90 3.93 3.96 3.99 4.02 4.05 4.08 4.10 4.13 4.15 4.17 4.20 4.22 4.25 4.27 4.30 4.32 4.34 4.36 4.38 4.39 4.40 4.42 4.43 4.44 4.45 4.46 4.47 4.48 4.49 4.50 4.51 4.52 4.53 4.54 4.55 4.56 4.57 4.58 4.60 4.62 4.64 4.66 4.69 4.71 4.73 4.75 4.77 4.79 4.81 4.82 4.83 4.84 4.85 4.85 4.85 4.85 4.85 4.85 4.85 4.84
3.01 3.05 3.09 3.13 3.16 3.20 3.24 3.28 3.33 3.37 3.41 3.45 3.49 3.53 3.57 3.61 3.64 3.68 3.72 3.76 3.79 3.83 3.87 3.90 3.93 3.97 4.00 4.03 4.06 4.09 4.11 4.14 4.16 4.18 4.21 4.23 4.25 4.28 4.30 4.32 4.34 4.35 4.37 4.38 4.40 4.41 4.42 4.43 4.44 4.44 4.45 4.46 4.47 4.48 4.49 4.51 4.52 4.53 4.54 4.55 4.56 4.58 4.60 4.62 4.64 4.66 4.68 4.70 4.72 4.74 4.76 4.78 4.80 4.81 4.82 4.83 4.84 4.84 4.84 4.84 4.84 4.84 4.83 4.83
3.00 3.03 3.07 3.11 3.15 3.19 3.23 3.28 3.32 3.36 3.40 3.44 3.48 3.52 3.56 3.60 3.64 3.68 3.72 3.76 3.80 3.83 3.87 3.90 3.94 3.97 4.00 4.04 4.07 4.10 4.12 4.15 4.17 4.20 4.22 4.24 4.26 4.28 4.30 4.32 4.34 4.35 4.36 4.38 4.39 4.40 4.41 4.42 4.42 4.43 4.44 4.45 4.46 4.47 4.48 4.50 4.51 4.52 4.53 4.55 4.56 4.58 4.59 4.61 4.63 4.65 4.67 4.69 4.71 4.74 4.76 4.78 4.79 4.81 4.82 4.82 4.83 4.83 4.83 4.83 4.83 4.83 4.82 4.82
2.98 3.02 3.06 3.10 3.14 3.18 3.22 3.27 3.31 3.35 3.39 3.43 3.48 3.52 3.56 3.60 3.64 3.68 3.72 3.76 3.80 3.83 3.87 3.91 3.94 3.98 4.01 4.04 4.08 4.11 4.14 4.16 4.19 4.21 4.23 4.25 4.27 4.29 4.30 4.32 4.33 4.35 4.36 4.37 4.38 4.39 4.40 4.40 4.41 4.42 4.43 4.44 4.45 4.46 4.47 4.49 4.50 4.51 4.53 4.54 4.56 4.57 4.59 4.61 4.63 4.65 4.67 4.69 4.71 4.73 4.75 4.77 4.79 4.80 4.81 4.82 4.82 4.82 4.82 4.82 4.82 4.82 4.81 4.81
2.97 3.01 3.05 3.09 3.13 3.17 3.21 3.26 3.30 3.34 3.39 3.43 3.47 3.51 3.56 3.60 3.64 3.68 3.72 3.76 3.80 3.83 3.87 3.91 3.95 3.98 4.02 4.05 4.08 4.12 4.15 4.18 4.20 4.22 4.24 4.26 4.28 4.29 4.31 4.32 4.33 4.34 4.35 4.36 4.37 4.38 4.39 4.40 4.40 4.41 4.42 4.43 4.44 4.45 4.46 4.48 4.49 4.51 4.52 4.54 4.56 4.57 4.59 4.61 4.63 4.65 4.67 4.69 4.71 4.73 4.75 4.77 4.78 4.80 4.81 4.81 4.81 4.81 4.81 4.81 4.81 4.80 4.80 4.79
2.95 2.99 3.03 3.07 3.12 3.16 3.20 3.25 3.29 3.34 3.38 3.42 3.47 3.51 3.55 3.59 3.64 3.68 3.72 3.76 3.80 3.83 3.87 3.91 3.95 3.99 4.02 4.06 4.09 4.13 4.16 4.19 4.22 4.24 4.26 4.27 4.29 4.30 4.31 4.32 4.33 4.34 4.35 4.36 4.37 4.37 4.38 4.39 4.39 4.40 4.41 4.41 4.43 4.44 4.45 4.47 4.49 4.50 4.52 4.54 4.55 4.57 4.59 4.61 4.63 4.65 4.67 4.69 4.71 4.73 4.75 4.77 4.78 4.79 4.80 4.81 4.81 4.81 4.80 4.80 4.80 4.79 4.79 4.78
2.93 2.98 3.02 3.06 3.10 3.15 3.19 3.24 3.28 3.33 3.37 3.42 3.46 3.51 3.55 3.59 3.63 3.68 3.72 3.76 3.80 3.84 3.87 3.91 3.95 3.99 4.03 4.06 4.10 4.14 4.17 4.20 4.23 4.25 4.27 4.28 4.29 4.30 4.31 4.32 4.33 4.34 4.35 4.36 4.36 4.37 4.37 4.38 4.38 4.39 4.39 4.40 4.41 4.43 4.45 4.46 4.48 4.50 4.52 4.53 4.55 4.57 4.59 4.61 4.63 4.65 4.67 4.69 4.71 4.73 4.75 4.77 4.78 4.79 4.80 4.80 4.80 4.80 4.80 4.79 4.79 4.78 4.78 4.77
2.92 2.96 3.00 3.05 3.09 3.14 3.18 3.23 3.28 3.32 3.37 3.41 3.46 3.50 3.55 3.59 3.63 3.67 3.72 3.76 3.80 3.84 3.87 3.91 3.95 3.99 4.03 4.07 4.11 4.14 4.18 4.22 4.25 4.27 4.28 4.29 4.30 4.31 4.32 4.32 4.33 4.34 4.35 4.35 4.36 4.36 4.37 4.37 4.37 4.38 4.38 4.39 4.40 4.42 4.44 4.46 4.48 4.49 4.51 4.53 4.55 4.57 4.59 4.61 4.63 4.65 4.67 4.69 4.71 4.73 4.75 4.77 4.78 4.79 4.80 4.79 4.79 4.79 4.78 4.78 4.77 4.77 4.76 4.76
2.90 2.94 2.99 3.03 3.08 3.13 3.17 3.22 3.27 3.32 3.36 3.41 3.46 3.50 3.54 3.59 3.63 3.67 3.71 3.76 3.80 3.84 3.88 3.91 3.95 3.99 4.03 4.07 4.11 4.15 4.19 4.23 4.26 4.28 4.29 4.29 4.30 4.31 4.32 4.32 4.33 4.34 4.34 4.35 4.35 4.36 4.36 4.37 4.37 4.37 4.37 4.38 4.39 4.41 4.43 4.45 4.47 4.49 4.51 4.53 4.55 4.57 4.59 4.61 4.63 4.65 4.67 4.69 4.70 4.72 4.74 4.76 4.78 4.79 4.79 4.79 4.78 4.78 4.77 4.77 4.76 4.76 4.75 4.74
2.89 2.93 2.97 3.02 3.07 3.11 3.16 3.21 3.26 3.31 3.36 3.41 3.45 3.50 3.54 3.59 3.63 3.67 3.71 3.75 3.80 3.83 3.87 3.91 3.95 3.99 4.03 4.07 4.11 4.15 4.19 4.22 4.26 4.28 4.29 4.29 4.30 4.31 4.32 4.32 4.33 4.33 4.34 4.35 4.35 4.36 4.36 4.36 4.36 4.36 4.36 4.37 4.39 4.41 4.43 4.45 4.47 4.49 4.51 4.53 4.55 4.57 4.59 4.61 4.63 4.65 4.66 4.68 4.70 4.72 4.73 4.75 4.77 4.78 4.78 4.77 4.77 4.76 4.76 4.75 4.75 4.74 4.74 4.73
2.87 2.91 2.96 3.00 3.05 3.10 3.16 3.21 3.26 3.31 3.36 3.40 3.45 3.50 3.54 3.59 3.63 3.67 3.71 3.75 3.79 3.83 3.87 3.91 3.95 3.99 4.03 4.07 4.11 4.14 4.18 4.21 4.24 4.27 4.28 4.29 4.30 4.31 4.31 4.32 4.33 4.33 4.34 4.35 4.35 4.36 4.36 4.36 4.36 4.37 4.37 4.38 4.39 4.41 4.43 4.45 4.47 4.49 4.51 4.53 4.55 4.57 4.59 4.61 4.63 4.64 4.66 4.68 4.69 4.71 4.72 4.74 4.75 4.76 4.76 4.76 4.75 4.75 4.74 4.74 4.73 4.73 4.72 4.71
2.86 2.90 2.94 2.99 3.04 3.10 3.15 3.20 3.25 3.30 3.35 3.40 3.45 3.50 3.54 3.59 3.63 3.67 3.71 3.75 3.79 3.83 3.87 3.91 3.95 3.99 4.02 4.06 4.10 4.14 4.17 4.20 4.23 4.25 4.27 4.28 4.29 4.30 4.31 4.32 4.32 4.33 4.34 4.34 4.35 4.36 4.36 4.36 4.37 4.37 4.38 4.39 4.40 4.41 4.43 4.45 4.47 4.49 4.51 4.52 4.54 4.56 4.58 4.60 4.62 4.64 4.65 4.67 4.68 4.69 4.71 4.72 4.73 4.73 4.74 4.74 4.73 4.73 4.73 4.72 4.72 4.71 4.70 4.70
2.84 2.88 2.93 2.98 3.03 3.09 3.14 3.20 3.25 3.30 3.35 3.40 3.45 3.50 3.54 3.58 3.63 3.67 3.71 3.75 3.79 3.83 3.87 3.91 3.95 3.98 4.02 4.06 4.09 4.13 4.16 4.19 4.22 4.24 4.26 4.27 4.29 4.30 4.31 4.31 4.32 4.33 4.34 4.35 4.35 4.36 4.36 4.37 4.37 4.38 4.38 4.39 4.41 4.42 4.44 4.45 4.47 4.49 4.50 4.52 4.54 4.56 4.58 4.60 4.62 4.63 4.65 4.66 4.67 4.68 4.69 4.70 4.71 4.71 4.71 4.72 4.71 4.71 4.71 4.70 4.70 4.69 4.69 4.68
2.83 2.88 2.92 2.98 3.03 3.08 3.14 3.19 3.24 3.30 3.35 3.40 3.45 3.50 3.54 3.58 3.63 3.67 3.71 3.75 3.79 3.83 3.87 3.90 3.94 3.98 4.01 4.05 4.08 4.12 4.15 4.18 4.21 4.23 4.25 4.27 4.28 4.29 4.30 4.31 4.32 4.33 4.34 4.35 4.36 4.36 4.37 4.37 4.38 4.38 4.39 4.40 4.41 4.42 4.44 4.45 4.47 4.49 4.50 4.52 4.54 4.55 4.57 4.59 4.61 4.62 4.63 4.64 4.65 4.66 4.67 4.68 4.68 4.69 4.69 4.69 4.69 4.69 4.69 4.69 4.68 4.68 4.67 4.66
2.82 2.87 2.92 2.97 3.02 3.08 3.13 3.19 3.24 3.30 3.35 3.40 3.45 3.50 3.54 3.59 3.63 3.67 3.71 3.75 3.79 3.82 3.86 3.90 3.94 3.97 4.01 4.04 4.08 4.11 4.14 4.17 4.19 4.22 4.24 4.26 4.27 4.29 4.30 4.31 4.32 4.33 4.34 4.35 4.36 4.37 4.37 4.38 4.38 4.39 4.40 4.41 4.42 4.43 4.44 4.46 4.47 4.49 4.50 4.52 4.53 4.55 4.57 4.58 4.59 4.61 4.62 4.63 4.63 4.64 4.65 4.66 4.66 4.67 4.67 4.67 4.67 4.67 4.67 4.67 4.66 4.66 4.65 4.65
2.81 2.86 2.91 2.96 3.02 3.07 3.13 3.19 3.24 3.30 3.35 3.40 3.45 3.50 3.54 3.59 3.63 3.67 3.71 3.75 3.78 3.82 3.86 3.89 3.93 3.96 4.00 4.03 4.07 4.10 4.13 4.16 4.18 4.21 4.23 4.25 4.27 4.28 4.30 4.32 4.33 4.35 4.36 4.36 4.37 4.37 4.38 4.38 4.39 4.40 4.41 4.41 4.42 4.44 4.45 4.46 4.47 4.49 4.50 4.52 4.53 4.54 4.56 4.57 4.58 4.59 4.60 4.61 4.62 4.62 4.63 4.63 4.64 4.64 4.65 4.65 4.65 4.65 4.65 4.65 4.65 4.64 4.64 4.63
