Jupyter notebooks/output.asc
NCOLS          370       
NROWS          320       
XLLCENTER      73.17     
YLLCENTER      19.50     
DX             0.01      
DY             0.01      
NODATA_VALUE   -999.00   
[rows 152 to 189 of 320, columns 252 to 335 of 370]
4.80 4.84 4.87 4.91 4.95 4.98 5.02 5.06 5.09 5.13 5.16 5.19 5.22 5.25 5.28 5.31 5.35 5.38 5.41 5.44 5.47 5.50 5.53 5.56 5.59 5.62 5.65 5.67 5.69 5.71 5.73 5.74 5.75 5.76 5.76 5.76 5.76 5.75 5.74 5.72 5.71 5.69 5.66 5.64 5.61 5.58 5.54 5.51 5.47 5.43 5.39 5.35 5.31 5.26 5.22 5.17 5.12 5.08 5.03 4.98 4.94 4.89 4.84 4.80 4.75 4.71 4.67 4.63 4.59 4.55 4.51 4.48 4.44 4.40 4.37 4.33 4.30 4.27 4.24 4.20 4.17 4.14 4.12 4.09
4.79 4.83 4.86 4.90 4.93 4.97 5.00 5.04 5.07 5.11 5.14 5.17 5.20 5.23 5.27 5.30 5.33 5.36 5.39 5.42 5.45 5.48 5.51 5.54 5.57 5.60 5.62 5.65 5.67 5.69 5.71 5.72 5.73 5.74 5.74 5.74 5.74 5.73 5.72 5.71 5.69 5.67 5.65 5.62 5.60 5.57 5.53 5.50 5.46 5.43 5.39 5.34 5.30 5.26 5.21 5.17 5.12 5.07 5.03 4.98 4.93 4.89 4.84 4.80 4.75 4.71 4.67 4.63 4.59 4.55 4.51 4.47 4.43 4.40 4.36 4.33 4.30 4.27 4.23 4.20 4.17 4.14 4.11 4.09
4.78 4.82 4.85 4.88 4.92 4.95 4.99 5.02 5.05 5.09 5.12 5.15 5.18 5.22 5.25 5.28 5.31 5.34 5.37 5.40 5.43 5.46 5.49 5.52 5.55 5.57 5.60 5.62 5.65 5.67 5.68 5.70 5.71 5.72 5.72 5.72 5.72 5.71 5.70 5.69 5.67 5.66 5.63 5.61 5.58 5.55 5.52 5.49 5.45 5.42 5.38 5.34 5.29 5.25 5.21 5.16 5.11 5.07 5.02 4.97 4.93 4.88 4.84 4.79 4.75 4.71 4.66 4.62 4.58 4.54 4.50 4.47 4.43 4.39 4.36 4.33 4.29 4.26 4.23 4.20 4.17 4.14 4.11 4.08
4.77 4.81 4.84 4.87 4.90 4.94 4.97 5.00 5.04 5.07 5.10 5.13 5.16 5.20 5.23 5.26 5.29 5.32 5.35 5.38 5.41 5.44 5.47 5.49 5.52 5.55 5.58 5.60 5.62 5.64 5.66 5.68 5.69 5.70 5.70 5.70 5.70 5.70 5.69 5.67 5.66 5.64 5.62 5.60 5.57 5.54 5.51 5.48 5.44 5.41 5.37 5.33 5.29 5.24 5.20 5.15 5.11 5.06 5.01 4.97 4.92 4.88 4.83 4.79 4.74 4.70 4.66 4.62 4.58 4.54 4.50 4.46 4.42 4.39 4.35 4.32 4.29 4.26 4.23 4.19 4.16 4.13 4.11 4.08
4.76 4.80 4.83 4.86 4.89 4.92 4.95 4.99 5.02 5.05 5.08 5.11 5.14 5.18 5.21 5.24 5.27 5.29 5.32 5.35 5.38 5.41 5.44 5.47 5.50 5.52 5.55 5.57 5.60 5.62 5.64 5.65 5.67 5.68 5.68 5.69 5.68 5.68 5.67 5.66 5.64 5.62 5.60 5.58 5.56 5.53 5.50 5.47 5.43 5.40 5.36 5.32 5.28 5.24 5.19 5.15 5.10 5.05 5.01 4.96 4.92 4.87 4.83 4.78 4.74 4.69 4.65 4.61 4.57 4.53 4.49 4.45 4.42 4.38 4.35 4.31 4.28 4.25 4.22 4.19 4.16 4.13 4.10 4.08
4.75 4.79 4.82 4.85 4.88 4.91 4.94 4.97 5.00 5.03 5.06 5.09 5.13 5.16 5.19 5.21 5.24 5.27 5.30 5.33 5.36 5.39 5.42 5.45 5.47 5.50 5.52 5.55 5.57 5.59 5.61 5.63 5.65 5.66 5.67 5.67 5.67 5.66 5.65 5.64 5.63 5.61 5.59 5.57 5.54 5.52 5.49 5.46 5.42 5.39 5.35 5.31 5.27 5.23 5.18 5.14 5.09 5.05 5.00 4.96 4.91 4.86 4.82 4.78 4.73 4.69 4.65 4.60 4.56 4.52 4.48 4.45 4.41 4.37 4.34 4.31 4.27 4.24 4.21 4.18 4.15 4.13 4.10 4.07
4.75 4.78 4.80 4.83 4.86 4.89 4.92 4.95 4.98 5.01 5.05 5.08 5.11 5.14 5.17 5.19 5.22 5.25 5.28 5.31 5.34 5.37 5.39 5.42 5.45 5.47 5.50 5.52 5.55 5.57 5.59 5.61 5.62 5.64 5.65 5.65 5.65 5.64 5.63 5.62 5.61 5.59 5.57 5.55 5.53 5.51 5.48 5.45 5.41 5.38 5.34 5.30 5.26 5.22 5.18 5.13 5.09 5.04 4.99 4.95 4.90 4.86 4.81 4.77 4.72 4.68 4.64 4.60 4.56 4.52 4.48 4.44 4.40 4.37 4.33 4.30 4.26 4.23 4.20 4.17 4.15 4.12 4.09 4.07
4.74 4.77 4.80 4.82 4.85 4.88 4.91 4.94 4.97 5.00 5.03 5.06 5.09 5.12 5.15 5.17 5.20 5.23 5.26 5.29 5.31 5.34 5.37 5.39 5.42 5.45 5.47 5.50 5.52 5.54 5.56 5.58 5.60 5.62 5.63 5.63 5.63 5.62 5.61 5.60 5.59 5.57 5.56 5.54 5.52 5.49 5.47 5.44 5.40 5.37 5.33 5.29 5.25 5.21 5.17 5.12 5.08 5.03 4.99 4.94 4.90 4.85 4.80 4.76 4.72 4.67 4.63 4.59 4.55 4.51 4.47 4.43 4.39 4.36 4.32 4.29 4.26 4.22 4.19 4.17 4.14 4.11 4.09 4.06
4.74 4.76 4.79 4.81 4.84 4.87 4.90 4.92 4.95 4.98 5.01 5.04 5.07 5.10 5.13 5.16 5.18 5.21 5.24 5.26 5.29 5.32 5.34 5.37 5.39 5.42 5.44 5.47 5.49 5.51 5.54 5.56 5.58 5.60 5.61 5.62 5.61 5.60 5.59 5.58 5.57 5.56 5.54 5.52 5.50 5.48 5.45 5.43 5.40 5.36 5.32 5.29 5.24 5.20 5.16 5.11 5.07 5.02 4.98 4.93 4.89 4.84 4.80 4.75 4.71 4.66 4.62 4.58 4.54 4.50 4.46 4.42 4.38 4.35 4.31 4.28 4.24 4.21 4.18 4.16 4.13 4.11 4.08 4.06
4.73 4.76 4.78 4.81 4.83 4.86 4.88 4.91 4.94 4.97 4.99 5.02 5.05 5.08 5.11 5.14 5.16 5.19 5.22 5.24 5.27 5.29 5.32 5.34 5.37 5.39 5.41 5.44 5.46 5.48 5.51 5.53 5.55 5.57 5.59 5.59 5.58 5.58 5.57 5.56 5.55 5.53 5.52 5.50 5.49 5.47 5.44 5.42 5.39 5.35 5.31 5.28 5.23 5.19 5.15 5.10 5.06 5.01 4.97 4.92 4.88 4.83 4.79 4.74 4.70 4.65 4.61 4.57 4.53 4.49 4.45 4.41 4.37 4.33 4.30 4.27 4.23 4.20 4.17 4.15 4.12 4.10 4.07 4.05
4.73 4.76 4.78 4.80 4.83 4.85 4.87 4.90 4.92 4.95 4.98 5.01 5.04 5.06 5.09 5.12 5.14 5.17 5.20 5.22 5.24 5.27 5.29 5.31 5.34 5.36 5.39 5.41 5.43 5.45 5.48 5.50 5.52 5.53 5.55 5.55 5.55 5.55 5.54 5.53 5.52 5.51 5.50 5.49 5.47 5.45 5.43 5.41 5.38 5.34 5.31 5.27 5.22 5.18 5.14 5.09 5.05 5.00 4.96 4.91 4.87 4.82 4.78 4.73 4.69 4.64 4.60 4.56 4.52 4.48 4.44 4.40 4.36 4.32 4.29 4.25 4.22 4.19 4.16 4.14 4.11 4.09 4.07 4.05
4.73 4.76 4.78 4.80 4.83 4.85 4.87 4.89 4.92 4.94 4.97 5.00 5.02 5.05 5.08 5.10 5.13 5.15 5.18 5.20 5.22 5.24 5.27 5.29 5.31 5.33 5.36 5.38 5.40 5.42 5.44 5.46 5.48 5.50 5.51 5.51 5.52 5.51 5.51 5.50 5.50 5.49 5.48 5.47 5.45 5.44 5.42 5.40 5.37 5.33 5.29 5.26 5.21 5.17 5.13 5.08 5.04 4.99 4.95 4.90 4.86 4.81 4.77 4.72 4.68 4.63 4.59 4.55 4.51 4.46 4.42 4.39 4.35 4.31 4.28 4.24 4.21 4.18 4.15 4.13 4.10 4.08 4.06 4.04
4.74 4.76 4.78 4.80 4.83 4.85 4.87 4.89 4.91 4.94 4.96 4.99 5.01 5.04 5.06 5.08 5.11 5.13 5.16 5.18 5.20 5.22 5.24 5.26 5.28 5.30 5.33 5.35 5.37 5.39 5.41 5.43 5.45 5.46 5.47 5.48 5.48 5.48 5.48 5.47 5.47 5.46 5.46 5.45 5.44 5.42 5.41 5.39 5.36 5.32 5.28 5.24 5.20 5.16 5.12 5.07 5.03 4.98 4.94 4.89 4.84 4.80 4.75 4.71 4.66 4.62 4.58 4.54 4.49 4.45 4.41 4.37 4.34 4.30 4.26 4.23 4.20 4.17 4.14 4.12 4.09 4.07 4.05 4.03
4.74 4.76 4.79 4.81 4.83 4.85 4.87 4.89 4.91 4.93 4.95 4.98 5.00 5.02 5.04 5.07 5.09 5.11 5.14 5.16 5.18 5.20 5.22 5.24 5.25 5.27 5.30 5.32 5.34 5.36 5.38 5.40 5.41 5.42 5.43 5.44 5.44 5.44 5.44 5.44 5.44 5.44 5.43 5.42 5.42 5.41 5.40 5.38 5.35 5.31 5.27 5.23 5.19 5.15 5.10 5.06 5.01 4.97 4.92 4.88 4.83 4.79 4.74 4.70 4.65 4.61 4.57 4.52 4.48 4.44 4.40 4.36 4.32 4.29 4.25 4.22 4.18 4.15 4.13 4.10 4.08 4.06 4.04 4.03
4.75 4.77 4.79 4.81 4.83 4.85 4.87 4.89 4.91 4.93 4.95 4.97 4.99 5.01 5.03 5.05 5.08 5.10 5.12 5.14 5.16 5.18 5.20 5.22 5.23 5.25 5.27 5.29 5.31 5.33 5.35 5.36 5.37 5.38 5.39 5.40 5.40 5.41 5.41 5.41 5.41 5.41 5.40 5.40 5.39 5.38 5.37 5.36 5.33 5.29 5.25 5.21 5.17 5.13 5.09 5.04 5.00 4.95 4.91 4.86 4.82 4.77 4.73 4.68 4.64 4.60 4.55 4.51 4.47 4.43 4.39 4.35 4.31 4.27 4.24 4.20 4.17 4.14 4.11 4.09 4.07 4.05 4.04 4.02
4.75 4.78 4.80 4.81 4.83 4.85 4.87 4.89 4.90 4.92 4.94 4.96 4.98 5.00 5.02 5.04 5.06 5.08 5.10 5.13 5.15 5.16 5.18 5.20 5.22 5.23 5.25 5.27 5.29 5.30 5.32 5.33 5.34 5.35 5.35 5.36 5.36 5.37 5.37 5.37 5.38 5.38 5.38 5.37 5.37 5.36 5.35 5.33 5.30 5.27 5.23 5.20 5.16 5.11 5.07 5.03 4.98 4.94 4.89 4.85 4.80 4.76 4.71 4.67 4.63 4.58 4.54 4.50 4.46 4.42 4.38 4.34 4.30 4.26 4.23 4.19 4.16 4.13 4.10 4.08 4.06 4.05 4.03 4.01
4.76 4.78 4.80 4.82 4.84 4.86 4.87 4.89 4.90 4.92 4.94 4.96 4.97 4.99 5.01 5.02 5.05 5.07 5.09 5.11 5.13 5.15 5.17 5.18 5.20 5.21 5.23 5.25 5.26 5.27 5.29 5.30 5.31 5.31 5.32 5.32 5.33 5.33 5.34 5.34 5.35 5.35 5.35 5.34 5.34 5.33 5.32 5.30 5.28 5.25 5.21 5.18 5.14 5.10 5.06 5.01 4.97 4.92 4.88 4.83 4.79 4.74 4.70 4.65 4.61 4.57 4.53 4.49 4.44 4.40 4.36 4.33 4.29 4.25 4.21 4.18 4.14 4.11 4.09 4.07 4.06 4.04 4.02 4.01
4.77 4.79 4.81 4.83 4.85 4.86 4.88 4.89 4.91 4.92 4.94 4.95 4.97 4.98 5.00 5.01 5.03 5.06 5.08 5.10 5.12 5.13 5.15 5.17 5.18 5.20 5.21 5.22 5.24 5.25 5.26 5.27 5.27 5.28 5.28 5.28 5.29 5.29 5.30 5.31 5.31 5.32 5.32 5.32 5.31 5.30 5.29 5.27 5.25 5.22 5.19 5.16 5.12 5.08 5.04 5.00 4.95 4.91 4.86 4.82 4.77 4.73 4.68 4.64 4.60 4.55 4.51 4.47 4.43 4.39 4.35 4.32 4.28 4.24 4.21 4.17 4.14 4.11 4.08 4.07 4.05 4.04 4.02 4.01
4.78 4.80 4.82 4.84 4.85 4.87 4.88 4.90 4.91 4.92 4.94 4.95 4.96 4.98 4.99 5.01 5.03 5.05 5.07 5.09 5.10 5.12 5.14 5.15 5.17 5.18 5.19 5.20 5.21 5.22 5.23 5.24 5.24 5.25 5.25 5.25 5.25 5.26 5.27 5.28 5.28 5.29 5.29 5.29 5.29 5.28 5.27 5.25 5.23 5.20 5.17 5.14 5.10 5.06 5.02 4.98 4.94 4.89 4.85 4.80 4.76 4.71 4.67 4.62 4.58 4.54 4.50 4.46 4.42 4.38 4.34 4.30 4.27 4.23 4.20 4.16 4.13 4.11 4.08 4.06 4.05 4.03 4.02 4.00
4.80 4.81 4.83 4.85 4.86 4.87 4.89 4.90 4.91 4.92 4.94 4.95 4.96 4.97 4.99 5.00 5.02 5.04 5.06 5.07 5.09 5.11 5.13 5.14 5.15 5.16 5.17 5.18 5.19 5.20 5.21 5.21 5.22 5.22 5.22 5.21 5.21 5.22 5.24 5.25 5.26 5.26 5.26 5.26 5.26 5.25 5.24 5.23 5.21 5.18 5.15 5.12 5.08 5.04 5.00 4.96 4.92 4.87 4.83 4.78 4.74 4.69 4.65 4.61 4.57 4.52 4.48 4.44 4.41 4.37 4.33 4.29 4.26 4.23 4.19 4.16 4.13 4.11 4.08 4.06 4.05 4.03 4.01 4.00
4.81 4.82 4.84 4.85 4.87 4.88 4.89 4.91 4.92 4.93 4.94 4.95 4.96 4.97 4.98 5.00 5.01 5.03 5.05 5.06 5.08 5.10 5.11 5.12 5.13 5.14 5.15 5.16 5.17 5.18 5.18 5.19 5.19 5.19 5.19 5.19 5.19 5.20 5.21 5.22 5.23 5.24 5.24 5.24 5.24 5.23 5.22 5.20 5.19 5.16 5.13 5.10 5.07 5.03 4.99 4.94 4.90 4.86 4.81 4.77 4.72 4.68 4.63 4.59 4.55 4.51 4.47 4.43 4.39 4.36 4.32 4.28 4.25 4.22 4.19 4.16 4.13 4.10 4.08 4.06 4.04 4.03 4.01 4.00
4.82 4.84 4.85 4.86 4.88 4.89 4.90 4.91 4.92 4.93 4.94 4.95 4.96 4.97 4.98 4.99 5.01 5.02 5.04 5.05 5.07 5.08 5.10 5.11 5.12 5.13 5.14 5.14 5.15 5.16 5.16 5.17 5.17 5.17 5.17 5.17 5.18 5.18 5.19 5.20 5.21 5.21 5.22 5.22 5.21 5.21 5.20 5.18 5.17 5.14 5.12 5.08 5.05 5.01 4.97 4.93 4.88 4.84 4.79 4.75 4.70 4.66 4.61 4.57 4.53 4.49 4.45 4.42 4.38 4.34 4.31 4.27 4.24 4.21 4.18 4.15 4.13 4.10 4.08 4.06 4.04 4.03 4.01 4.00
4.83 4.85 4.86 4.87 4.89 4.90 4.91 4.91 4.92 4.93 4.94 4.95 4.96 4.97 4.98 4.99 5.00 5.01 5.03 5.04 5.06 5.07 5.08 5.09 5.10 5.11 5.12 5.12 5.13 5.14 5.14 5.15 5.15 5.15 5.15 5.15 5.16 5.16 5.17 5.18 5.18 5.19 5.19 5.19 5.19 5.19 5.18 5.17 5.15 5.13 5.10 5.07 5.03 4.99 4.95 4.91 4.86 4.82 4.77 4.73 4.68 4.64 4.60 4.55 4.51 4.47 4.44 4.40 4.36 4.33 4.30 4.27 4.23 4.20 4.18 4.15 4.12 4.10 4.08 4.06 4.04 4.03 4.01 4.00
4.85 4.86 4.87 4.88 4.89 4.90 4.91 4.92 4.92 4.93 4.94 4.95 4.95 4.96 4.97 4.98 4.99 5.01 5.02 5.03 5.04 5.05 5.07 5.08 5.08 5.09 5.10 5.11 5.11 5.12 5.12 5.13 5.13 5.13 5.13 5.14 5.14 5.15 5.15 5.16 5.16 5.17 5.17 5.17 5.17 5.17 5.16 5.15 5.13 5.11 5.08 5.05 5.01 4.97 4.93 4.89 4.84 4.80 4.75 4.71 4.66 4.62 4.58 4.53 4.49 4.46 4.42 4.38 4.35 4.32 4.29 4.26 4.23 4.20 4.17 4.15 4.12 4.10 4.08 4.06 4.04 4.02 4.01 3.99
4.86 4.87 4.88 4.89 4.90 4.90 4.91 4.92 4.92 4.93 4.94 4.94 4.95 4.96 4.97 4.98 4.99 5.00 5.01 5.02 5.03 5.04 5.05 5.06 5.07 5.08 5.08 5.09 5.09 5.10 5.10 5.11 5.11 5.11 5.12 5.12 5.12 5.13 5.13 5.14 5.14 5.15 5.15 5.15 5.15 5.15 5.14 5.13 5.12 5.10 5.07 5.04 5.00 4.96 4.91 4.87 4.82 4.78 4.73 4.69 4.64 4.60 4.56 4.51 4.48 4.44 4.40 4.37 4.34 4.30 4.27 4.25 4.22 4.19 4.17 4.14 4.12 4.10 4.08 4.06 4.04 4.02 4.01 3.99
4.87 4.88 4.89 4.89 4.90 4.91 4.91 4.92 4.92 4.93 4.94 4.94 4.95 4.96 4.96 4.97 4.98 4.99 5.00 5.01 5.02 5.03 5.04 5.04 5.05 5.06 5.07 5.07 5.08 5.08 5.08 5.09 5.09 5.09 5.10 5.10 5.10 5.11 5.11 5.12 5.12 5.12 5.13 5.13 5.13 5.13 5.12 5.12 5.10 5.09 5.06 5.02 4.98 4.94 4.89 4.85 4.80 4.75 4.71 4.66 4.62 4.58 4.53 4.49 4.46 4.42 4.38 4.35 4.32 4.29 4.26 4.24 4.21 4.18 4.16 4.14 4.11 4.09 4.07 4.06 4.04 4.02 4.01 3.99
4.88 4.89 4.89 4.90 4.91 4.91 4.92 4.92 4.92 4.93 4.93 4.94 4.94 4.95 4.96 4.97 4.97 4.98 4.99 5.00 5.01 5.01 5.02 5.03 5.04 5.04 5.05 5.05 5.06 5.06 5.07 5.07 5.07 5.08 5.08 5.08 5.09 5.09 5.09 5.10 5.10 5.10 5.10 5.11 5.11 5.11 5.10 5.10 5.09 5.07 5.04 5.00 4.96 4.91 4.87 4.82 4.78 4.73 4.68 4.64 4.60 4.55 4.51 4.47 4.43 4.40 4.37 4.34 4.31 4.28 4.25 4.23 4.20 4.18 4.15 4.13 4.11 4.09 4.07 4.05 4.04 4.02 4.01 3.99
4.89 4.90 4.90 4.91 4.91 4.91 4.92 4.92 4.92 4.93 4.93 4.94 4.94 4.95 4.95 4.96 4.97 4.97 4.98 4.99 4.99 5.00 5.01 5.02 5.02 5.03 5.03 5.04 5.04 5.05 5.05 5.05 5.06 5.06 5.06 5.06 5.07 5.07 5.07 5.07 5.08 5.08 5.08 5.08 5.08 5.08 5.08 5.08 5.08 5.07 5.03 4.98 4.94 4.89 4.84 4.80 4.75 4.71 4.66 4.62 4.57 4.53 4.49 4.45 4.41 4.38 4.35 4.32 4.29 4.27 4.24 4.22 4.19 4.17 4.15 4.13 4.11 4.09 4.07 4.05 4.04 4.02 4.01 3.99
4.91 4.91 4.91 4.91 4.92 4.92 4.92 4.92 4.92 4.93 4.93 4.93 4.94 4.94 4.95 4.95 4.96 4.96 4.97 4.98 4.98 4.99 5.00 5.00 5.01 5.01 5.02 5.02 5.02 5.03 5.03 5.03 5.04 5.04 5.04 5.04 5.05 5.05 5.05 5.05 5.05 5.05 5.06 5.06 5.06 5.06 5.05 5.05 5.05 5.04 5.00 4.95 4.91 4.86 4.82 4.77 4.72 4.68 4.63 4.59 4.55 4.51 4.47 4.43 4.39 4.36 4.33 4.30 4.28 4.25 4.23 4.21 4.18 4.16 4.14 4.12 4.10 4.08 4.07 4.05 4.03 4.02 4.01 3.99
4.92 4.92 4.92 4.92 4.92 4.92 4.92 4.92 4.92 4.92 4.93 4.93 4.93 4.93 4.94 4.94 4.95 4.95 4.96 4.97 4.97 4.98 4.98 4.99 4.99 5.00 5.00 5.00 5.01 5.01 5.01 5.02 5.02 5.02 5.02 5.02 5.03 5.03 5.03 5.03 5.03 5.03 5.03 5.03 5.03 5.02 5.02 5.02 5.01 4.99 4.96 4.92 4.87 4.83 4.79 4.74 4.70 4.65 4.61 4.57 4.52 4.48 4.44 4.40 4.37 4.34 4.31 4.29 4.27 4.24 4.22 4.20 4.18 4.16 4.14 4.12 4.10 4.08 4.06 4.05 4.03 4.02 4.00 3.99
4.93 4.93 4.93 4.93 4.92 4.92 4.92 4.92 4.92 4.92 4.92 4.92 4.93 4.93 4.93 4.94 4.94 4.94 4.95 4.95 4.96 4.96 4.97 4.97 4.98 4.98 4.99 4.99 4.99 4.99 5.00 5.00 5.00 5.00 5.00 5.00 5.00 5.00 5.00 5.00 5.00 5.00 5.00 5.00 5.00 4.99 4.98 4.98 4.96 4.94 4.91 4.88 4.84 4.80 4.75 4.71 4.67 4.62 4.58 4.54 4.50 4.46 4.42 4.39 4.35 4.32 4.30 4.28 4.25 4.23 4.21 4.19 4.17 4.15 4.13 4.11 4.09 4.08 4.06 4.05 4.03 4.02 4.00 3.99
4.94 4.94 4.93 4.93 4.93 4.92 4.92 4.92 4.92 4.92 4.92 4.92 4.92 4.92 4.92 4.93 4.93 4.94 4.94 4.94 4.95 4.95 4.96 4.96 4.96 4.97 4.97 4.97 4.98 4.98 4.98 4.98 4.98 4.98 4.98 4.98 4.98 4.98 4.98 4.98 4.98 4.98 4.97 4.97 4.96 4.96 4.95 4.93 4.92 4.90 4.87 4.84 4.80 4.76 4.72 4.68 4.64 4.59 4.55 4.52 4.48 4.44 4.41 4.37 4.34 4.31 4.29 4.27 4.24 4.22 4.20 4.18 4.16 4.14 4.13 4.11 4.09 4.07 4.06 4.04 4.03 4.02 4.00 3.99
4.95 4.95 4.94 4.93 4.93 4.93 4.92 4.92 4.92 4.91 4.91 4.91 4.91 4.92 4.92 4.92 4.92 4.93 4.93 4.93 4.94 4.94 4.94 4.95 4.95 4.95 4.95 4.96 4.96 4.96 4.96 4.96 4.96 4.96 4.96 4.96 4.96 4.96 4.96 4.95 4.95 4.95 4.94 4.94 4.93 4.92 4.91 4.89 4.88 4.85 4.83 4.79 4.76 4.72 4.68 4.64 4.61 4.57 4.53 4.49 4.46 4.42 4.39 4.36 4.33 4.30 4.28 4.26 4.23 4.21 4.19 4.18 4.16 4.14 4.12 4.10 4.09 4.07 4.06 4.04 4.03 4.01 4.00 3.99
4.96 4.95 4.95 4.94 4.93 4.93 4.92 4.92 4.91 4.91 4.91 4.91 4.91 4.91 4.91 4.91 4.91 4.92 4.92 4.92 4.92 4.93 4.93 4.93 4.94 4.94 4.94 4.94 4.94 4.94 4.94 4.94 4.94 4.94 4.94 4.94 4.94 4.94 4.93 4.93 4.92 4.92 4.91 4.90 4.89 4.88 4.87 4.85 4.83 4.81 4.78 4.75 4.72 4.69 4.65 4.61 4.58 4.54 4.50 4.47 4.44 4.41 4.37 4.35 4.32 4.29 4.27 4.25 4.23 4.21 4.19 4.17 4.15 4.13 4.12 4.10 4.08 4.07 4.05 4.04 4.03 4.01 4.00 3.99
4.97 4.96 4.95 4.94 4.93 4.93 4.92 4.91 4.91 4.90 4.90 4.90 4.90 4.90 4.90 4.90 4.90 4.91 4.91 4.91 4.91 4.91 4.92 4.92 4.92 4.92 4.92 4.93 4.93 4.93 4.93 4.93 4.93 4.92 4.92 4.92 4.92 4.91 4.91 4.90 4.90 4.89 4.88 4.87 4.86 4.85 4.83 4.81 4.79 4.77 4.74 4.71 4.68 4.65 4.62 4.58 4.55 4.51 4.48 4.45 4.42 4.39 4.36 4.33 4.31 4.28 4.26 4.24 4.22 4.20 4.18 4.16 4.15 4.13 4.11 4.10 4.08 4.07 4.05 4.04 4.02 4.01 4.00 3.99
4.98 4.97 4.96 4.95 4.94 4.93 4.92 4.91 4.90 4.90 4.90 4.90 4.89 4.89 4.89 4.89 4.89 4.90 4.90 4.90 4.90 4.90 4.90 4.91 4.91 4.91 4.91 4.91 4.91 4.91 4.91 4.91 4.91 4.91 4.90 4.90 4.89 4.89 4.88 4.88 4.87 4.86 4.85 4.84 4.83 4.81 4.80 4.78 4.76 4.73 4.70 4.68 4.65 4.61 4.58 4.55 4.52 4.49 4.46 4.43 4.40 4.37 4.35 4.32 4.30 4.27 4.25 4.23 4.21 4.19 4.17 4.16 4.14 4.12 4.11 4.09 4.08 4.06 4.05 4.04 4.02 4.01 4.00 3.99
4.98 4.97 4.96 4.95 4.94 4.93 4.91 4.91 4.90 4.89 4.89 4.89 4.89 4.89 4.89 4.88 4.88 4.89 4.89 4.89 4.89 4.89 4.89 4.89 4.89 4.90 4.90 4.90 4.90 4.90 4.89 4.89 4.89 4.89 4.88 4.88 4.87 4.87 4.86 4.85 4.84 4.83 4.82 4.81 4.80 4.78 4.76 4.74 4.72 4.69 4.67 4.64 4.61 4.58 4.55 4.52 4.49 4.46 4.43 4.41 4.38 4.36 4.33 4.31 4.28 4.26 4.24 4.22 4.20 4.19 4.17 4.15 4.14 4.12 4.10 4.09 4.07 4.06 4.05 4.03 4.02 4.01 4.00 3.99
4.99 4.98 4.96 4.95 4.94 4.93 4.91 4.90 4.89 4.89 4.89 4.88 4.88 4.88 4.88 4.88 4.88 4.88 4.88 4.88 4.88 4.88 4.88 4.88 4.88 4.88 4.88 4.88 4.88 4.88 4.88 4.87 4.87 4.87 4.86 4.86 4.85 4.85 4.84 4.83 4.82 4.81 4.80 4.78 4.77 4.75 4.73 4.71 4.68 4.66 4.63 4.60 4.57 4.55 4.52 4.49 4.46 4.44 4.41 4.39 4.36 4.34 4.32 4.30 4.27 4.25 4.23 4.22 4.20 4.18 4.16 4.15 4.13 4.12 4.10 4.09 4.07 4.06 4.05 4.03 4.02 4.01 4.00 3.99
