Jupyter notebooks/output.asc
NCOLS          370       
NROWS          320       
XLLCENTER      73.17     
YLLCENTER      19.50     
DX             0.01      
DY             0.01      
NODATA_VALUE   -999.00   
[rows 0 to 37 of 320, columns 84 to 167 of 370]
3.73 3.74 3.75 3.76 3.77 3.78 3.80 3.81 3.82 3.83 3.84 3.85 3.87 3.88 3.89 3.90 3.91 3.92 3.93 3.95 3.96 3.97 3.98 3.99 4.00 4.01 4.03 4.04 4.05 4.06 4.07 4.08 4.09 4.10 4.11 4.12 4.13 4.14 4.15 4.17 4.18 4.19 4.20 4.21 4.22 4.23 4.24 4.25 4.25 4.26 4.27 4.28 4.29 4.30 4.31 4.32 4.33 4.34 4.35 4.35 4.36 4.37 4.38 4.39 4.39 4.40 4.41 4.42 4.42 4.43 4.44 4.45 4.45 4.46 4.46 4.47 4.48 4.48 4.49 4.49 4.50 4.51 4.51 4.52
3.73 3.74 3.75 3.76 3.77 3.78 3.80 3.81 3.82 3.83 3.84 3.86 3.87 3.88 3.89 3.90 3.91 3.93 3.94 3.95 3.96 3.97 3.98 3.99 4.01 4.02 4.03 4.04 4.05 4.06 4.07 4.08 4.09 4.11 4.12 4.13 4.14 4.15 4.16 4.17 4.18 4.19 4.20 4.21 4.22 4.23 4.24 4.25 4.26 4.27 4.28 4.29 4.30 4.31 4.32 4.33 4.33 4.34 4.35 4.36 4.37 4.38 4.39 4.39 4.40 4.41 4.42 4.42 4.43 4.44 4.45 4.45 4.46 4.47 4.47 4.48 4.49 4.49 4.50 4.50 4.51 4.51 4.52 4.52
3.73 3.74 3.75 3.76 3.77 3.79 3.80 3.81 3.82 3.83 3.85 3.86 3.87 3.88 3.89 3.90 3.92 3.93 3.94 3.95 3.96 3.97 3.99 4.00 4.01 4.02 4.03 4.04 4.05 4.07 4.08 4.09 4.10 4.11 4.12 4.13 4.14 4.15 4.16 4.17 4.18 4.20 4.21 4.22 4.23 4.24 4.25 4.26 4.27 4.28 4.29 4.29 4.30 4.31 4.32 4.33 4.34 4.35 4.36 4.37 4.38 4.38 4.39 4.40 4.41 4.42 4.42 4.43 4.44 4.45 4.45 4.46 4.47 4.47 4.48 4.49 4.49 4.50 4.51 4.51 4.52 4.52 4.53 4.53
3.73 3.74 3.75 3.76 3.78 3.79 3.80 3.81 3.82 3.84 3.85 3.86 3.87 3.88 3.89 3.91 3.92 3.93 3.94 3.95 3.97 3.98 3.99 4.00 4.01 4.02 4.03 4.05 4.06 4.07 4.08 4.09 4.10 4.11 4.12 4.14 4.15 4.16 4.17 4.18 4.19 4.20 4.21 4.22 4.23 4.24 4.25 4.26 4.27 4.28 4.29 4.30 4.31 4.32 4.33 4.34 4.35 4.36 4.36 4.37 4.38 4.39 4.40 4.41 4.42 4.42 4.43 4.44 4.45 4.45 4.46 4.47 4.47 4.48 4.49 4.49 4.50 4.51 4.51 4.52 4.52 4.53 4.54 4.54
3.73 3.74 3.75 3.76 3.78 3.79 3.80 3.81 3.82 3.84 3.85 3.86 3.87 3.88 3.90 3.91 3.92 3.93 3.94 3.96 3.97 3.98 3.99 4.00 4.02 4.03 4.04 4.05 4.06 4.07 4.08 4.10 4.11 4.12 4.13 4.14 4.15 4.16 4.17 4.18 4.19 4.20 4.22 4.23 4.24 4.25 4.26 4.27 4.28 4.29 4.30 4.31 4.32 4.33 4.33 4.34 4.35 4.36 4.37 4.38 4.39 4.40 4.41 4.41 4.42 4.43 4.44 4.45 4.45 4.46 4.47 4.48 4.48 4.49 4.50 4.50 4.51 4.52 4.52 4.53 4.53 4.54 4.54 4.55
3.73 3.74 3.75 3.77 3.78 3.79 3.80 3.81 3.83 3.84 3.85 3.86 3.87 3.89 3.90 3.91 3.92 3.94 3.95 3.96 3.97 3.98 3.99 4.01 4.02 4.03 4.04 4.05 4.06 4.08 4.09 4.10 4.11 4.12 4.13 4.14 4.16 4.17 4.18 4.19 4.20 4.21 4.22 4.23 4.24 4.25 4.26 4.27 4.28 4.29 4.30 4.31 4.32 4.33 4.34 4.35 4.36 4.37 4.38 4.39 4.40 4.40 4.41 4.42 4.43 4.44 4.45 4.45 4.46 4.47 4.48 4.48 4.49 4.50 4.50 4.51 4.52 4.52 4.53 4.54 4.54 4.55 4.55 4.56
3.73 3.74 3.75 3.77 3.78 3.79 3.80 3.82 3.83 3.84 3.85 3.86 3.88 3.89 3.90 3.91 3.93 3.94 3.95 3.96 3.97 3.99 4.00 4.01 4.02 4.03 4.04 4.06 4.07 4.08 4.09 4.10 4.11 4.13 4.14 4.15 4.16 4.17 4.18 4.19 4.20 4.21 4.22 4.24 4.25 4.26 4.27 4.28 4.29 4.30 4.31 4.32 4.33 4.34 4.35 4.36 4.37 4.37 4.38 4.39 4.40 4.41 4.42 4.43 4.44 4.44 4.45 4.46 4.47 4.48 4.48 4.49 4.50 4.51 4.51 4.52 4.53 4.53 4.54 4.54 4.55 4.56 4.56 4.57
3.73 3.74 3.75 3.77 3.78 3.79 3.80 3.82 3.83 3.84 3.85 3.87 3.88 3.89 3.90 3.92 3.93 3.94 3.95 3.96 3.98 3.99 4.00 4.01 4.02 4.04 4.05 4.06 4.07 4.08 4.09 4.11 4.12 4.13 4.14 4.15 4.16 4.17 4.19 4.20 4.21 4.22 4.23 4.24 4.25 4.26 4.27 4.28 4.29 4.30 4.31 4.32 4.33 4.34 4.35 4.36 4.37 4.38 4.39 4.40 4.41 4.42 4.43 4.43 4.44 4.45 4.46 4.47 4.48 4.48 4.49 4.50 4.51 4.51 4.52 4.53 4.53 4.54 4.55 4.55 4.56 4.56 4.57 4.58
3.73 3.74 3.76 3.77 3.78 3.79 3.81 3.82 3.83 3.84 3.86 3.87 3.88 3.89 3.90 3.92 3.93 3.94 3.95 3.97 3.98 3.99 4.00 4.01 4.03 4.04 4.05 4.06 4.07 4.09 4.10 4.11 4.12 4.13 4.14 4.16 4.17 4.18 4.19 4.20 4.21 4.22 4.23 4.25 4.26 4.27 4.28 4.29 4.30 4.31 4.32 4.33 4.34 4.35 4.36 4.37 4.38 4.39 4.40 4.41 4.42 4.42 4.43 4.44 4.45 4.46 4.47 4.47 4.48 4.49 4.50 4.51 4.51 4.52 4.53 4.53 4.54 4.55 4.55 4.56 4.57 4.57 4.58 4.58
3.73 3.74 3.76 3.77 3.78 3.79 3.81 3.82 3.83 3.84 3.86 3.87 3.88 3.89 3.91 3.92 3.93 3.94 3.96 3.97 3.98 3.99 4.01 4.02 4.03 4.04 4.05 4.07 4.08 4.09 4.10 4.11 4.13 4.14 4.15 4.16 4.17 4.18 4.19 4.21 4.22 4.23 4.24 4.25 4.26 4.27 4.28 4.29 4.30 4.31 4.32 4.33 4.34 4.35 4.36 4.37 4.38 4.39 4.40 4.41 4.42 4.43 4.44 4.45 4.46 4.47 4.47 4.48 4.49 4.50 4.51 4.51 4.52 4.53 4.54 4.54 4.55 4.56 4.56 4.57 4.58 4.58 4.59 4.59
3.73 3.74 3.76 3.77 3.78 3.79 3.81 3.82 3.83 3.85 3.86 3.87 3.88 3.90 3.91 3.92 3.93 3.95 3.96 3.97 3.98 4.00 4.01 4.02 4.03 4.04 4.06 4.07 4.08 4.09 4.11 4.12 4.13 4.14 4.15 4.16 4.18 4.19 4.20 4.21 4.22 4.23 4.24 4.26 4.27 4.28 4.29 4.30 4.31 4.32 4.33 4.34 4.35 4.36 4.37 4.38 4.39 4.40 4.41 4.42 4.43 4.44 4.45 4.46 4.46 4.47 4.48 4.49 4.50 4.51 4.51 4.52 4.53 4.54 4.54 4.55 4.56 4.56 4.57 4.58 4.58 4.59 4.60 4.60
3.73 3.74 3.76 3.77 3.78 3.80 3.81 3.82 3.83 3.85 3.86 3.87 3.88 3.90 3.91 3.92 3.94 3.95 3.96 3.97 3.99 4.00 4.01 4.02 4.04 4.05 4.06 4.07 4.08 4.10 4.11 4.12 4.13 4.14 4.16 4.17 4.18 4.19 4.20 4.21 4.23 4.24 4.25 4.26 4.27 4.28 4.29 4.30 4.31 4.33 4.34 4.35 4.36 4.37 4.38 4.39 4.40 4.41 4.42 4.43 4.43 4.44 4.45 4.46 4.47 4.48 4.49 4.50 4.50 4.51 4.52 4.53 4.54 4.54 4.55 4.56 4.57 4.57 4.58 4.59 4.59 4.60 4.60 4.61
3.73 3.74 3.76 3.77 3.78 3.80 3.81 3.82 3.83 3.85 3.86 3.87 3.89 3.90 3.91 3.92 3.94 3.95 3.96 3.98 3.99 4.00 4.01 4.03 4.04 4.05 4.06 4.08 4.09 4.10 4.11 4.12 4.14 4.15 4.16 4.17 4.18 4.20 4.21 4.22 4.23 4.24 4.25 4.26 4.28 4.29 4.30 4.31 4.32 4.33 4.34 4.35 4.36 4.37 4.38 4.39 4.40 4.41 4.42 4.43 4.44 4.45 4.46 4.47 4.48 4.49 4.50 4.50 4.51 4.52 4.53 4.54 4.54 4.55 4.56 4.57 4.57 4.58 4.59 4.59 4.60 4.61 4.61 4.62
3.73 3.74 3.76 3.77 3.78 3.80 3.81 3.82 3.84 3.85 3.86 3.87 3.89 3.90 3.91 3.93 3.94 3.95 3.96 3.98 3.99 4.00 4.02 4.03 4.04 4.05 4.07 4.08 4.09 4.10 4.12 4.13 4.14 4.15 4.16 4.18 4.19 4.20 4.21 4.22 4.24 4.25 4.26 4.27 4.28 4.29 4.30 4.31 4.33 4.34 4.35 4.36 4.37 4.38 4.39 4.40 4.41 4.42 4.43 4.44 4.45 4.46 4.47 4.48 4.48 4.49 4.50 4.51 4.52 4.53 4.54 4.54 4.55 4.56 4.57 4.57 4.58 4.59 4.60 4.60 4.61 4.62 4.62 4.63
3.73 3.75 3.76 3.77 3.78 3.80 3.81 3.82 3.84 3.85 3.86 3.88 3.89 3.90 3.92 3.93 3.94 3.95 3.97 3.98 3.99 4.01 4.02 4.03 4.04 4.06 4.07 4.08 4.09 4.11 4.12 4.13 4.14 4.16 4.17 4.18 4.19 4.20 4.22 4.23 4.24 4.25 4.26 4.27 4.29 4.30 4.31 4.32 4.33 4.34 4.35 4.36 4.37 4.38 4.39 4.40 4.42 4.43 4.43 4.44 4.45 4.46 4.47 4.48 4.49 4.50 4.51 4.52 4.53 4.54 4.54 4.55 4.56 4.57 4.57 4.58 4.59 4.60 4.60 4.61 4.62 4.62 4.63 4.64
3.73 3.75 3.76 3.77 3.79 3.80 3.81 3.82 3.84 3.85 3.86 3.88 3.89 3.90 3.92 3.93 3.94 3.96 3.97 3.98 4.00 4.01 4.02 4.03 4.05 4.06 4.07 4.08 4.10 4.11 4.12 4.13 4.15 4.16 4.17 4.18 4.20 4.21 4.22 4.23 4.24 4.26 4.27 4.28 4.29 4.30 4.31 4.32 4.34 4.35 4.36 4.37 4.38 4.39 4.40 4.41 4.42 4.43 4.44 4.45 4.46 4.47 4.48 4.49 4.50 4.51 4.52 4.53 4.53 4.54 4.55 4.56 4.57 4.57 4.58 4.59 4.60 4.60 4.61 4.62 4.63 4.63 4.64 4.64
3.73 3.75 3.76 3.77 3.79 3.80 3.81 3.83 3.84 3.85 3.87 3.88 3.89 3.91 3.92 3.93 3.94 3.96 3.97 3.98 4.00 4.01 4.02 4.04 4.05 4.06 4.07 4.09 4.10 4.11 4.13 4.14 4.15 4.16 4.18 4.19 4.20 4.21 4.22 4.24 4.25 4.26 4.27 4.28 4.30 4.31 4.32 4.33 4.34 4.35 4.36 4.37 4.39 4.40 4.41 4.42 4.43 4.44 4.45 4.46 4.47 4.48 4.49 4.50 4.51 4.51 4.52 4.53 4.54 4.55 4.56 4.57 4.57 4.58 4.59 4.60 4.61 4.61 4.62 4.63 4.63 4.64 4.65 4.65
3.73 3.75 3.76 3.77 3.79 3.80 3.81 3.83 3.84 3.85 3.87 3.88 3.89 3.91 3.92 3.93 3.95 3.96 3.97 3.99 4.00 4.01 4.03 4.04 4.05 4.06 4.08 4.09 4.10 4.12 4.13 4.14 4.15 4.17 4.18 4.19 4.20 4.22 4.23 4.24 4.25 4.27 4.28 4.29 4.30 4.31 4.32 4.34 4.35 4.36 4.37 4.38 4.39 4.40 4.41 4.42 4.43 4.44 4.45 4.46 4.47 4.48 4.49 4.50 4.51 4.52 4.53 4.54 4.55 4.56 4.57 4.57 4.58 4.59 4.60 4.61 4.61 4.62 4.63 4.63 4.64 4.65 4.65 4.66
3.73 3.75 3.76 3.77 3.79 3.80 3.81 3.83 3.84 3.85 3.87 3.88 3.89 3.91 3.92 3.93 3.95 3.96 3.97 3.99 4.00 4.01 4.03 4.04 4.05 4.07 4.08 4.09 4.11 4.12 4.13 4.15 4.16 4.17 4.18 4.20 4.21 4.22 4.23 4.25 4.26 4.27 4.28 4.29 4.31 4.32 4.33 4.34 4.35 4.36 4.37 4.39 4.40 4.41 4.42 4.43 4.44 4.45 4.46 4.47 4.48 4.49 4.50 4.51 4.52 4.53 4.54 4.55 4.56 4.56 4.57 4.58 4.59 4.60 4.61 4.61 4.62 4.63 4.64 4.64 4.65 4.66 4.66 4.67
3.73 3.75 3.76 3.77 3.79 3.80 3.81 3.83 3.84 3.85 3.87 3.88 3.90 3.91 3.92 3.94 3.95 3.96 3.98 3.99 4.00 4.02 4.03 4.04 4.06 4.07 4.08 4.10 4.11 4.12 4.14 4.15 4.16 4.17 4.19 4.20 4.21 4.22 4.24 4.25 4.26 4.27 4.29 4.30 4.31 4.32 4.33 4.35 4.36 4.37 4.38 4.39 4.40 4.41 4.42 4.43 4.45 4.46 4.47 4.48 4.49 4.50 4.51 4.52 4.53 4.54 4.54 4.55 4.56 4.57 4.58 4.59 4.60 4.61 4.61 4.62 4.63 4.64 4.64 4.65 4.66 4.66 4.67 4.68
3.73 3.75 3.76 3.77 3.79 3.80 3.81 3.83 3.84 3.86 3.87 3.88 3.90 3.91 3.92 3.94 3.95 3.96 3.98 3.99 4.01 4.02 4.03 4.05 4.06 4.07 4.09 4.10 4.11 4.13 4.14 4.15 4.16 4.18 4.19 4.20 4.22 4.23 4.24 4.25 4.27 4.28 4.29 4.30 4.31 4.33 4.34 4.35 4.36 4.37 4.39 4.40 4.41 4.42 4.43 4.44 4.45 4.46 4.47 4.48 4.49 4.50 4.51 4.52 4.53 4.54 4.55 4.56 4.57 4.58 4.59 4.60 4.60 4.61 4.62 4.63 4.64 4.64 4.65 4.66 4.67 4.67 4.68 4.69
3.73 3.75 3.76 3.77 3.79 3.80 3.81 3.83 3.84 3.86 3.87 3.88 3.90 3.91 3.93 3.94 3.95 3.97 3.98 3.99 4.01 4.02 4.03 4.05 4.06 4.08 4.09 4.10 4.12 4.13 4.14 4.16 4.17 4.18 4.19 4.21 4.22 4.23 4.25 4.26 4.27 4.28 4.30 4.31 4.32 4.33 4.34 4.36 4.37 4.38 4.39 4.40 4.41 4.42 4.44 4.45 4.46 4.47 4.48 4.49 4.50 4.51 4.52 4.53 4.54 4.55 4.56 4.57 4.58 4.59 4.59 4.60 4.61 4.62 4.63 4.64 4.64 4.65 4.66 4.67 4.67 4.68 4.69 4.69
3.73 3.75 3.76 3.77 3.79 3.80 3.82 3.83 3.84 3.86 3.87 3.88 3.90 3.91 3.93 3.94 3.95 3.97 3.98 4.00 4.01 4.02 4.04 4.05 4.06 4.08 4.09 4.10 4.12 4.13 4.14 4.16 4.17 4.18 4.20 4.21 4.22 4.24 4.25 4.26 4.27 4.29 4.30 4.31 4.32 4.34 4.35 4.36 4.37 4.38 4.40 4.41 4.42 4.43 4.44 4.45 4.46 4.47 4.48 4.50 4.51 4.52 4.53 4.54 4.55 4.56 4.57 4.57 4.58 4.59 4.60 4.61 4.62 4.63 4.64 4.64 4.65 4.66 4.67 4.67 4.68 4.69 4.70 4.70
3.73 3.75 3.76 3.77 3.79 3.80 3.82 3.83 3.84 3.86 3.87 3.89 3.90 3.91 3.93 3.94 3.96 3.97 3.98 4.00 4.01 4.03 4.04 4.05 4.07 4.08 4.09 4.11 4.12 4.13 4.15 4.16 4.17 4.19 4.20 4.21 4.23 4.24 4.25 4.27 4.28 4.29 4.30 4.32 4.33 4.34 4.35 4.37 4.38 4.39 4.40 4.41 4.42 4.44 4.45 4.46 4.47 4.48 4.49 4.50 4.51 4.52 4.53 4.54 4.55 4.56 4.57 4.58 4.59 4.60 4.61 4.62 4.63 4.64 4.64 4.65 4.66 4.67 4.68 4.68 4.69 4.70 4.70 4.71
3.73 3.75 3.76 3.77 3.79 3.80 3.82 3.83 3.84 3.86 3.87 3.89 3.90 3.91 3.93 3.94 3.96 3.97 3.99 4.00 4.01 4.03 4.04 4.06 4.07 4.08 4.10 4.11 4.12 4.14 4.15 4.16 4.18 4.19 4.20 4.22 4.23 4.24 4.26 4.27 4.28 4.30 4.31 4.32 4.33 4.35 4.36 4.37 4.38 4.39 4.41 4.42 4.43 4.44 4.45 4.46 4.48 4.49 4.50 4.51 4.52 4.53 4.54 4.55 4.56 4.57 4.58 4.59 4.60 4.61 4.62 4.63 4.63 4.64 4.65 4.66 4.67 4.68 4.68 4.69 4.70 4.70 4.71 4.72
3.73 3.74 3.76 3.77 3.79 3.80 3.82 3.83 3.84 3.86 3.87 3.89 3.90 3.92 3.93 3.94 3.96 3.97 3.99 4.00 4.02 4.03 4.04 4.06 4.07 4.09 4.10 4.11 4.13 4.14 4.15 4.17 4.18 4.19 4.21 4.22 4.23 4.25 4.26 4.27 4.29 4.30 4.31 4.33 4.34 4.35 4.36 4.38 4.39 4.40 4.41 4.42 4.44 4.45 4.46 4.47 4.48 4.49 4.50 4.51 4.52 4.54 4.55 4.56 4.57 4.58 4.59 4.60 4.60 4.61 4.62 4.63 4.64 4.65 4.66 4.67 4.67 4.68 4.69 4.70 4.71 4.71 4.72 4.73
3.73 3.74 3.76 3.77 3.79 3.80 3.82 3.83 3.84 3.86 3.87 3.89 3.90 3.92 3.93 3.95 3.96 3.97 3.99 4.00 4.02 4.03 4.05 4.06 4.07 4.09 4.10 4.12 4.13 4.14 4.16 4.17 4.18 4.20 4.21 4.22 4.24 4.25 4.26 4.28 4.29 4.30 4.32 4.33 4.34 4.36 4.37 4.38 4.39 4.40 4.42 4.43 4.44 4.45 4.46 4.48 4.49 4.50 4.51 4.52 4.53 4.54 4.55 4.56 4.57 4.58 4.59 4.60 4.61 4.62 4.63 4.64 4.65 4.66 4.67 4.67 4.68 4.69 4.70 4.71 4.71 4.72 4.73 4.73
3.73 3.74 3.76 3.77 3.79 3.80 3.82 3.83 3.85 3.86 3.87 3.89 3.90 3.92 3.93 3.95 3.96 3.98 3.99 4.00 4.02 4.03 4.05 4.06 4.08 4.09 4.10 4.12 4.13 4.15 4.16 4.17 4.19 4.20 4.21 4.23 4.24 4.26 4.27 4.28 4.30 4.31 4.32 4.33 4.35 4.36 4.37 4.39 4.40 4.41 4.42 4.43 4.45 4.46 4.47 4.48 4.49 4.50 4.52 4.53 4.54 4.55 4.56 4.57 4.58 4.59 4.60 4.61 4.62 4.63 4.64 4.65 4.66 4.66 4.67 4.68 4.69 4.70 4.71 4.71 4.72 4.73 4.74 4.74
3.73 3.74 3.76 3.77 3.79 3.80 3.82 3.83 3.85 3.86 3.87 3.89 3.90 3.92 3.93 3.95 3.96 3.98 3.99 4.01 4.02 4.03 4.05 4.06 4.08 4.09 4.11 4.12 4.13 4.15 4.16 4.18 4.19 4.20 4.22 4.23 4.25 4.26 4.27 4.29 4.30 4.31 4.33 4.34 4.35 4.36 4.38 4.39 4.40 4.41 4.43 4.44 4.45 4.46 4.48 4.49 4.50 4.51 4.52 4.53 4.54 4.55 4.56 4.58 4.59 4.60 4.61 4.62 4.63 4.64 4.64 4.65 4.66 4.67 4.68 4.69 4.70 4.71 4.71 4.72 4.73 4.74 4.74 4.75
3.73 3.74 3.76 3.77 3.79 3.80 3.82 3.83 3.85 3.86 3.88 3.89 3.90 3.92 3.93 3.95 3.96 3.98 3.99 4.01 4.02 4.04 4.05 4.07 4.08 4.09 4.11 4.12 4.14 4.15 4.17 4.18 4.19 4.21 4.22 4.24 4.25 4.26 4.28 4.29 4.30 4.32 4.33 4.34 4.36 4.37 4.38 4.39 4.41 4.42 4.43 4.44 4.46 4.47 4.48 4.49 4.50 4.52 4.53 4.54 4.55 4.56 4.57 4.58 4.59 4.60 4.61 4.62 4.63 4.64 4.65 4.66 4.67 4.68 4.69 4.70 4.70 4.71 4.72 4.73 4.74 4.74 4.75 4.76
3.73 3.74 3.76 3.77 3.79 3.80 3.82 3.83 3.85 3.86 3.88 3.89 3.91 3.92 3.93 3.95 3.96 3.98 3.99 4.01 4.02 4.04 4.05 4.07 4.08 4.10 4.11 4.13 4.14 4.15 4.17 4.18 4.20 4.21 4.22 4.24 4.25 4.27 4.28 4.29 4.31 4.32 4.33 4.35 4.36 4.37 4.39 4.40 4.41 4.42 4.44 4.45 4.46 4.47 4.49 4.50 4.51 4.52 4.53 4.54 4.56 4.57 4.58 4.59 4.60 4.61 4.62 4.63 4.64 4.65 4.66 4.67 4.68 4.69 4.69 4.70 4.71 4.72 4.73 4.74 4.74 4.75 4.76 4.76
3.73 3.74 3.76 3.77 3.79 3.80 3.82 3.83 3.85 3.86 3.88 3.89 3.91 3.92 3.94 3.95 3.97 3.98 4.00 4.01 4.02 4.04 4.05 4.07 4.08 4.10 4.11 4.13 4.14 4.16 4.17 4.19 4.20 4.21 4.23 4.24 4.26 4.27 4.28 4.30 4.31 4.32 4.34 4.35 4.36 4.38 4.39 4.40 4.42 4.43 4.44 4.45 4.47 4.48 4.49 4.50 4.52 4.53 4.54 4.55 4.56 4.57 4.58 4.59 4.61 4.62 4.63 4.64 4.65 4.66 4.67 4.67 4.68 4.69 4.70 4.71 4.72 4.73 4.74 4.74 4.75 4.76 4.77 4.77
3.73 3.74 3.76 3.77 3.79 3.80 3.82 3.83 3.85 3.86 3.88 3.89 3.91 3.92 3.94 3.95 3.97 3.98 4.00 4.01 4.03 4.04 4.06 4.07 4.09 4.10 4.12 4.13 4.14 4.16 4.17 4.19 4.20 4.22 4.23 4.25 4.26 4.27 4.29 4.30 4.32 4.33 4.34 4.36 4.37 4.38 4.40 4.41 4.42 4.43 4.45 4.46 4.47 4.48 4.50 4.51 4.52 4.53 4.54 4.56 4.57 4.58 4.59 4.60 4.61 4.62 4.63 4.64 4.65 4.66 4.67 4.68 4.69 4.70 4.71 4.72 4.73 4.73 4.74 4.75 4.76 4.77 4.77 4.78
3.72 3.74 3.75 3.77 3.78 3.80 3.82 3.83 3.85 3.86 3.88 3.89 3.91 3.92 3.94 3.95 3.97 3.98 4.00 4.01 4.03 4.04 4.06 4.07 4.09 4.10 4.12 4.13 4.15 4.16 4.18 4.19 4.21 4.22 4.23 4.25 4.26 4.28 4.29 4.30 4.32 4.33 4.35 4.36 4.37 4.39 4.40 4.41 4.43 4.44 4.45 4.47 4.48 4.49 4.50 4.51 4.53 4.54 4.55 4.56 4.57 4.58 4.60 4.61 4.62 4.63 4.64 4.65 4.66 4.67 4.68 4.69 4.70 4.71 4.72 4.72 4.73 4.74 4.75 4.76 4.77 4.77 4.78 4.79
3.72 3.74 3.75 3.77 3.78 3.80 3.81 3.83 3.85 3.86 3.88 3.89 3.91 3.92 3.94 3.95 3.97 3.98 4.00 4.01 4.03 4.04 4.06 4.07 4.09 4.10 4.12 4.13 4.15 4.16 4.18 4.19 4.21 4.22 4.24 4.25 4.27 4.28 4.29 4.31 4.32 4.34 4.35 4.36 4.38 4.39 4.40 4.42 4.43 4.44 4.46 4.47 4.48 4.50 4.51 4.52 4.53 4.54 4.56 4.57 4.58 4.59 4.60 4.61 4.62 4.63 4.65 4.66 4.67 4.68 4.69 4.70 4.70 4.71 4.72 4.73 4.74 4.75 4.76 4.76 4.77 4.78 4.79 4.79
3.72 3.74 3.75 3.77 3.78 3.80 3.81 3.83 3.85 3.86 3.88 3.89 3.91 3.92 3.94 3.95 3.97 3.98 4.00 4.01 4.03 4.05 4.06 4.08 4.09 4.11 4.12 4.14 4.15 4.17 4.18 4.20 4.21 4.23 4.24 4.25 4.27 4.28 4.30 4.31 4.33 4.34 4.35 4.37 4.38 4.40 4.41 4.42 4.44 4.45 4.46 4.48 4.49 4.50 4.51 4.53 4.54 4.55 4.56 4.57 4.59 4.60 4.61 4.62 4.63 4.64 4.65 4.66 4.67 4.68 4.69 4.70 4.71 4.72 4.73 4.74 4.75 4.76 4.76 4.77 4.78 4.79 4.79 4.80
3.72 3.74 3.75 3.77 3.78 3.80 3.81 3.83 3.85 3.86 3.88 3.89 3.91 3.92 3.94 3.95 3.97 3.98 4.00 4.02 4.03 4.05 4.06 4.08 4.09 4.11 4.12 4.14 4.15 4.17 4.18 4.20 4.21 4.23 4.24 4.26 4.27 4.29 4.30 4.32 4.33 4.34 4.36 4.37 4.39 4.40 4.41 4.43 4.44 4.45 4.47 4.48 4.49 4.51 4.52 4.53 4.54 4.56 4.57 4.58 4.59 4.60 4.61 4.63 4.64 4.65 4.66 4.67 4.68 4.69 4.70 4.71 4.72 4.73 4.74 4.75 4.75 4.76 4.77 4.78 4.79 4.79 4.80 4.81
3.72 3.74 3.75 3.77 3.78 3.80 3.81 3.83 3.84 3.86 3.88 3.89 3.91 3.92 3.94 3.95 3.97 3.99 4.00 4.02 4.03 4.05 4.06 4.08 4.09 4.11 4.13 4.14 4.16 4.17 4.19 4.20 4.22 4.23 4.25 4.26 4.28 4.29 4.30 4.32 4.33 4.35 4.36 4.38 4.39 4.40 4.42 4.43 4.45 4.46 4.47 4.49 4.50 4.51 4.52 4.54 4.55 4.56 4.57 4.59 4.60 4.61 4.62 4.63 4.64 4.65 4.66 4.67 4.69 4.70 4.71 4.72 4.72 4.73 4.74 4.75 4.76 4.77 4.78 4.79 4.79 4.80 4.81 4.82
